[/usr/share/aurorae/themes/Sweet-Dark/alldesktops.svg]
1446006111=2.8801789019794564,4.894750834400156,20.168536110754946,20.168536549698047
2405413393=25.611497610012748,4.894690524702128,20.168536503249754,20.16853724556927
263881110=72.86484766693607,5.007665324272011,20.169000351061726,20.169000169493756
2708111905=48.091533813755746,4.894721933143273,20.16853796305425,20.16853661062987
302910334=94.55393188191113,5.007665103088584,20.16900048377127,20.169000390677184
Invalidelements=6030908,1068741371,3076947793,1410338384,1267000601,297583755,2458612910,1140139633,1079077453,4193380661,1641546077,44741851,2068269708,1974680073,752244830,636445108,2848044694,3661457889,1076798747,2124061840,2994089098,4290958690,1393111984,4025671237,437223500,1406167490,637173832,751548442,3500994849,1733700292,2173277373,2816336988,1373103279,1909901977,565331798,394816303,545556741,3124251717,1774736214,1398742491,572410877,1498777154,382077076,2714650396,3492288083,3793869041,1036853918,4164252987,2871436296,1331703263,2561328193,428653005,3139593842,3677158307,1336707267,1371718883,2957936717,7284288,178854557,2812459920,1973295693,3222706675,512751513,2121244400,3776890009,2302225824,727711925,2121318076,2269507280,1776240464,1359575386,4278225904,1357125790,3221485999,2297200392,3295709959,4018667009,2469262031,1411881816,1409625492,1039663834,1085980900,3993538868,744305739,1730480696,3320848695,3081603568,3081808316,514622745,1395958121,884949943,403009773,3025332516,291868121,3431883694,2295930700,396184427,1078069769,2123349204,1422940530,161832639,742397063,3483770430,3728640721,410390697,3121491593,2071620304,2613690504,1927646293,2870183028,2743027935,1358173180,3446487786,3308171050,4163474807,2608520818,2121063393,4282230828,3050039016,4166245689,3612348901,3539618872,3553751874,2607169078,2164284038,436181385,1448032613,1148776362,3785398477,3552891782,3122335429,2560206733,43603095,3538857156,1270335197,876766067,4225005117,1067750023,418855473,2480574979,295936839,1395245741,3940386095,3940607467,2632971742,3493541783,2461422698,3795122997,3309014894,561275561,4162862325,1422096822,4021995908,1167036262,240987564,1450317985,1078168287,3787225089,509191461,2958797185,1768294557,2176676977,1164896234,2986691830,3438887786,160841467,1400012055,3024194024,1776822028,4292687198,1922477065,457464671,4192389577,179583705,4008046328,560415477,3125652633,2877101239,1334028351,37072857,1767188817,2631439642,1908648797,36212501,2120203229,1778364562,440197264,3461550624,1537880564,1166453000,728965369,356198232,2270203548,402807405,1630364001,1531384240,2849150802,460798875,571124537,3460592612,1330859291,612416896,3186094867,3171603295,3790857437,2720229152,1414232932,3680230255,285797789,1406765217,3051226836,1543521845,397124737,2843964240,449470682,1257323526,3468131077,513464133,484315456,421986534,1257118786,1501079102,3319988467,546564417,3477798522,3447348014,485683588,3142485558,2874045555,2739431451,1405421838,400065741,3725830677,1083695160,1169803636,1408018589,3057324382,613916108,2311376228,3466746689,2845200524,2165668546,4021283264,3861581162,2617057492,3292785475,3657959901,3077742365,4213773937,1159300910,4292641642,564225810,239095264,3054907746,3889720998,4289962798
LastModified=1618470396
NaturalSize_1=119,29

[/usr/share/aurorae/themes/Sweet-Dark/close.svg]
1870742161=93.5641686775952,4.818987393799034,20.16899986445999,20.168999800780966
2230317934=71.3192101770166,4.818986287881444,20.169000085642594,20.169000906698557
2966493995=48.091537197848,4.894723039061091,20.1685312612245,20.168534354557323
3090452682=3.949410330392828,5.175449711836109,20.16899995974854,20.16899969523638
3432690620=25.633525050109046,4.923061182069887,20.168999998035158,20.1690008887565
Invalidelements=4137994006,3076493171,3717170363,362546499,3920025486,4206194561,2797450765,4134532089,3781567199,1691487080,2173777135,1972107577,1664016676,2831357757,207759073,3039233635,831724479,345681055,2406838065,1993471173,742737386,1457315356,2743624156,485242598,3583231296,2193719420,1518902099,3987417090,3253245893,3961651848,3130951912,4231443020,171021210,2544120036,2169006506,266069485,1354535704,3934395424,2635252546,1194819741,909581040,2237968727,3014167047,3673598648,3343944567,1352713224,1459991750,3670951253,3966838587,1156740222,2296144497,1294240506,3251236663,1005073174,2235492142,2543983301,2364433607,3332724197,817023028,3616645222,335474619,4207420238,3276796689,1944146064,1439467249,1855588279,2898492562,3598528009,3963410977,2229251702,852415388,3942684809,3192444469,3789399546,1032695375,2303022632,2024698459,951351971,1435245872,183575675,1497756457,3153270700,1961377407,4134571030,931473657,388753497,1015756659,2823772479,1019067779,3229681534,3474065693,114347608,1834183660,1606291273,1913520197,3966526879,3885172430,1637145645,1093322127,1292053962,3425494397,1059080134,150710200,3626094813,3205592936,3008251640,3177395810,1690701569,1817354952,3497567169,2000974129,2255675193,3450852792,2063113889,986760129,1140734679,2817677311,1131387769,3231586974,3956942831,1506746514,360342625,206708715,3000875542,2864181908,1832731194,3167661031,3577251344
LastModified=1618470396
NaturalSize_1=119,29

[/usr/share/aurorae/themes/Sweet-Dark/decoration.svg]
1258314354=0,16.999925,17.000014999999998,50.000074999999995
222283551=16.999975,67,50.000025,17
2527632945=66.999995,16.999935,17.000005,50.000065
312987058=10.119032738095237,0,29.761919642857144,10.119047619047619
3240746253=0,0,17.000005,17
3625401332=0,67,17.000005,17
4071054211=16.999975,0,50.000025,17
921375669=66.999995,0,17.000005,17
95165452=66.999995,67,17.000005,17
969554482=17,17,50,50
Invalidelements=3584438033,2142174426,1970696147,390614067,736313584,1875041228,376327826,3595992318,2338948626,466529776,3134533349,1943028105,3284474067,2335115083,513709169,2933539790,3877950202,97378639,1383925845,486148739,2716929463,3177818673,912314401,1644359063,2717323838,4119460230,1286323076,1377746711,1272251139,961761725,2348520399,2272283324,1182057937,1490222597,3985218693,3487671314,3063790129,3013676695
LastModified=1618470396
NaturalSize_1=84,84

[/usr/share/aurorae/themes/Sweet-Dark/maximize.svg]
1597561077=73.86022198079502,4.435480096399942,20.168999991178495,20.169000537321836
2040556533=3.03258638787248,4.435478023755195,20.168999304602718,20.168998770029702
3178885345=95.254758989875,4.435502629864914,20.169000035414996,20.16900031613841
3633807770=26.540978276815,4.435476621974203,20.16899959305,20.169000171903917
4015577330=50.96366284111575,4.435476692513248,20.16900067684425,20.16900010086374
Invalidelements=3100665264,4663575,3687745102,3850839793,2425335086,2599066978,3253561391,2849164037,3689945058,274205491,2059460967,1187446912,3708060465,4173393923,3327892060,734444310,3427136435,130202095,776232483,1180617878,45224263,4101572854,3071259022,438675149,1183617771,2944662044,2393965653,774354465,139410302,4229986327,34163190,3401196270,1746017162,2589092638,2655861913,2646015786,2387995301,1409136357,2612393275,93680312,701440851,3957078820,337798940,1715304815,1390507352,2183771679,4135893485,2475105135,617536782,1230158148,2217059131,3022089577,2769310913,3481279845,34462869,1738917830,3952612293,1777016796,4052354694,929970043,473498343,3424489540,3054816222,2302805563,4038501797,4233001911,3775170737,1368018154,3704689876,3171949333,3343717039,1209861689,287985726,1686122891,1847778301,4117290459,2994508414,807277399,2294490081,741339417,2591118200,1270676520,1305195792,2274720501,3072864966,3802868770,145399821,3888878105,3426900365,1772557944,2854306158,3615548136,1590044297,1874580915,1851323958,2806806186,3841781352,2359133884,733776834,1488606530,3916887656,2190792412,2362698151,3121856209,2887120888,3166159352,726456224,35253214,3838633844,1801226214,2826888142,1301182629,2200859770,2617196112,1928143149,897285848,938138085,3659620159,3645419921,3427778299,2424932802,2707506816,2246147323,48143417,4156146117,3543636499,3105345598,3016872463
LastModified=1618470396
NaturalSize_1=119,29

[/usr/share/aurorae/themes/Sweet-Dark/minimize.svg]
2047215343=5.479396757625075,5.47763109943503,20.169000674632425,20.168999631756833
2694704230=97.62170019689316,5.9192801979540945,20.169000616480844,20.169000404612007
2875884633=27.744330732616,5.641679677194361,20.1685298456565,20.168532557272783
473236239=51.314274830902406,5.9009230390611265,20.16853624591809,20.168534354557323
932627759=74.26371319144788,5.919280253701345,20.16900010444313,20.169000338256865
Invalidelements=2152273037,3602150764,3234809425,1004909620,2653611097,3413331015,827993351,1495476939,588201798,706304253,3302284520,2458676696,1332390579,987144483,1337572730,3016531583,935067978,2899592060,3514867423,1840827968,380694734,905602247,1913969473,949871147,2785215481,3789962693,3471143470,191549807,1124360129,1847847322,3819537788,350907372,2011244499,4259934742,3610474236,1591698522,1358316176,3311363864,3780394304,2682581469,3201157783,1043249129,3303640433,4063556495,3286306172,1508406224,3166147830,1551964759,2094846718,2253966093,2954410844,3604475395,2784597149,2195523215,855662915,1142090075,3571770354,4251465270,338422710,2139888078,2948396506,2867804966,2644665372,2735855125,1270056914,3638427925,602831924,2866920051,1552061549,428414723,2308426882,3411161872,1776447609,2982453657,3584302615,3715907408,1826193494,2077126083,2492587810,2608647621,1108003855,2776760767,756222373,2799677463,282852118,4195204111,590209171,516860026,1015108219,3335711539,1940310727,3629848384,344109838,2377393163,1345091298,2918693393,3295482548,4282672682,1530523557,2609782554,3795759974,475029142,2858877430,3856979738,621698197,3882898767,3892122529,3052766911,916429929,1620202983,2563286232,3101654384,2847968536,902574997,1500198969,2784261566,3904593621,2759154601,2002412661,192594456,857394154,3070048277,3135686044,520777081,2700832971,3467351595,1588810407,2104925297
LastModified=1618470396
NaturalSize_1=119,29

[/usr/share/aurorae/themes/Sweet-Dark/restore.svg]
1028396750=3.03258638787248,4.435478023755195,20.168999304602718,20.168998770029702
1326112295=26.540978276815,4.435476621974203,20.16899959305,20.169000171903917
3561952341=95.254758989875,4.435502629864914,20.169000035414996,20.16900031613841
3901000634=73.86022198079502,4.435480096399942,20.168999991178495,20.169000537321836
462043105=50.96366284111575,4.435476692513248,20.16900067684425,20.16900010086374
Invalidelements=429078034,3726738878,2430526936,3683364386,3107835560,4127274406,4083744043,1872642320,1412033350,3151021270,2885353253,4115447244,1101208388,1388975514,2754222552,147050696,2231220276,988674298,3641322309,212320545,3618510579,1600286261,2232743420,2171355533,2599604937,3633536908,523811549,573653514,1063261035,934104151,1435088393,567489857,1411232690,1706652964,2461760073,1603794021,1650913134,282237859,2313082988,2273338816,2060749962,1180660715,4266205323,1820856808,3605305270,3603298792,3993745338,2135971451,2357613912,3890316111,4170607715,906217719,602179947,1170374179,2681134139,3454489827,3648513751,3112686848,4146694056,1886565568,2140123184,4027038579,1090643152,3363286970,1536478082,3346520684,2534791043,961904655,774176821,1997272209,1787510198,3134953284,1411665348,2630278705,3491515044,3023288803,2496492699,4101413682,4284436154,161652494,3080750136,4135600335,2299266145,2063286249,3951942091,1464253977,364635265,1432577155,1717982171,4123810425,2871741499,734540583,3545268451,2541689935,4172166712,554501689,62727420,3364358049,1946514735,1333299897,187149546,1886868576,702775735,3576486666,290871489,2383930654,1572952559,495553921,622545370,3060047940,794169467,1508771945,2228081546,3730580587,168423343,1858874679,1444064448,2569323448,1407051716,245018355,1293819198,323060929,2923448981,1084659980,1477121599,3632796709,664098280,1251797549
LastModified=1618470396
NaturalSize_1=119,29

[/usr/share/icons/BeautyLine/actions/scalable/application-menu.svg]
Invalidelements=2592484701,2190574195,1724563219,1391387784,77531176,3777407281,3175750417,2108914423,3291569784,363773576,2610873476,2462069051
LastModified=1619275193
NaturalSize_1=64,64

[/usr/share/icons/BeautyLine/actions/scalable/arrow-down.svg]
Invalidelements=1002837773,309166730,302727916,1005049643,4096517902,2220238081,504078893,1250750387,2611570019,1252863889,4094306088,518676995
LastModified=1619275193
NaturalSize_1=24,24

[/usr/share/icons/BeautyLine/actions/scalable/bookmarks.svg]
Invalidelements=2101922141,4132118775,4129845001,2104199603,1661614899,1668119313,2644459884
LastModified=1619275193
NaturalSize_1=16,16

[/usr/share/icons/BeautyLine/actions/scalable/chronometer.svg]
Invalidelements=2045000338,2304747062,1509704226
LastModified=1619275193
NaturalSize_1=16,16

[/usr/share/icons/BeautyLine/actions/scalable/delete.svg]
Invalidelements=3206547238,2301648723,39618242
LastModified=1619275193
NaturalSize_1=64,64

[/usr/share/icons/BeautyLine/actions/scalable/dialog-close.svg]
Invalidelements=35747384,4236444732,1184210459
LastModified=1619275193
NaturalSize_1=64,64

[/usr/share/icons/BeautyLine/actions/scalable/edit-clear-history.svg]
Invalidelements=1888369414,3424321033,2658121660,4124388746,115207392,522025989,1029984936
LastModified=1619275193
NaturalSize_1=16,16

[/usr/share/icons/BeautyLine/actions/scalable/edit-clear-locationbar-rtl.svg]
Invalidelements=154559491,1185210976,2742163641,1419124166,2729302235,1425399268,152544301,3852389970,2437395259,1195745794,3850342064,4073067247,4075279117,2439443221
LastModified=1619275193
NaturalSize_1=16,16

[/usr/share/icons/BeautyLine/actions/scalable/hint.svg]
Invalidelements=1236992081,1419025608,558329759,3686147620
LastModified=1617096151
NaturalSize_1=24,24

[/usr/share/icons/BeautyLine/actions/scalable/hwinfo.svg]
Invalidelements=307415385,2321548218,740988412,4243016219
LastModified=1619275193
NaturalSize_1=128,128

[/usr/share/icons/BeautyLine/actions/scalable/search.svg]
Invalidelements=3546036795,2149450311,49899618,854310051
LastModified=1619275193
NaturalSize_1=24,24

[/usr/share/icons/BeautyLine/actions/scalable/show-menu.svg]
Invalidelements=3166389276,798093949,3382218762,3296042834
LastModified=1619275193
NaturalSize_1=16,16

[/usr/share/icons/BeautyLine/actions/scalable/unlock.svg]
Invalidelements=224798683,71178102,3296883692
LastModified=1619275193
NaturalSize_1=16,16

[/usr/share/icons/BeautyLine/actions/scalable/user-identity.svg]
Invalidelements=3753909145,2656478927,186516484,249538311,1413666936,3930920660
LastModified=1619275193
NaturalSize_1=22,22

[/usr/share/icons/BeautyLine/actions/scalable/view-filter.svg]
Invalidelements=2297780990,1990781867,1238738490,591951307
LastModified=1619275193
NaturalSize_1=22,22

[/usr/share/icons/BeautyLine/actions/scalable/window-close.svg]
Invalidelements=294115465,4035493580,3744877497,3160496421,3747023783,1175399078,3158317315,2383301357,625639151,1177479748,627654349,359646867,4033609454,2389478099,299898987,444663485
LastModified=1619275193
NaturalSize_1=64,64

[/usr/share/icons/BeautyLine/apps/scalable/Alacritty.svg]
Invalidelements=949268242,2197793069,4120741455,190935240,951447348,2670274304,2668617958,1478968335,2195548431,176207658,3635071928
LastModified=1619275193
NaturalSize_1=48,48

[/usr/share/icons/BeautyLine/apps/scalable/AppImageLauncher.svg]
Invalidelements=3169655921,3464338393,2445791821,1662971055
LastModified=1619275193
NaturalSize_1=64,64

[/usr/share/icons/BeautyLine/apps/scalable/CMakeSetup.svg]
Invalidelements=125975798,1558513707,2236362836,2184470617
LastModified=1619275193
NaturalSize_1=128,128

[/usr/share/icons/BeautyLine/apps/scalable/Nextcloud.svg]
Invalidelements=981949228,2109757136,1103714288,769633947
LastModified=1619275193
NaturalSize_1=64,64

[/usr/share/icons/BeautyLine/apps/scalable/QtProject-designer.svg]
Invalidelements=613477491,3581539498,561543288,2679723010
LastModified=1619275193
NaturalSize_1=64,64

[/usr/share/icons/BeautyLine/apps/scalable/abiword.svg]
Invalidelements=1792348861,3201135044,2781010885,1055733952
LastModified=1619275193
NaturalSize_1=192,192

[/usr/share/icons/BeautyLine/apps/scalable/accessories-calculator.svg]
Invalidelements=2894947552,2676257156,1128417510,1279510567
LastModified=1619275193
NaturalSize_1=192,192

[/usr/share/icons/BeautyLine/apps/scalable/accessories-dictionary.svg]
Invalidelements=970410855,1411478615,1882591101,2859746556
LastModified=1619275193
NaturalSize_1=192,192

[/usr/share/icons/BeautyLine/apps/scalable/applications-all.svg]
Invalidelements=1511414395,1517328921,1077810593,552408359,992273996,1079563727,654497081
LastModified=1619275193
NaturalSize_1=64,64

[/usr/share/icons/BeautyLine/apps/scalable/applications-development.svg]
Invalidelements=805603363,2918193762,807750081,2912017036,933141137,930208439,132991708
LastModified=1619275193
NaturalSize_1=128,128

[/usr/share/icons/BeautyLine/apps/scalable/applications-education.svg]
Invalidelements=3388540624,908457569,3184629262,4008878777
LastModified=1619275193
NaturalSize_1=192,192

[/usr/share/icons/BeautyLine/apps/scalable/applications-games.svg]
Invalidelements=4045892718,3148408809,2648478778,3967162192
LastModified=1619275193
NaturalSize_1=512,512

[/usr/share/icons/BeautyLine/apps/scalable/applications-graphics.svg]
Invalidelements=2266596810,9556389,1045732258,11571591,1776202601,1778250583,2268611116
LastModified=1619275193
NaturalSize_1=192,192

[/usr/share/icons/BeautyLine/apps/scalable/applications-internet.svg]
Invalidelements=3132859869,2860172660,3130582467,2311160174,1268771981,1894657427,3156599762,1270787171,3825729774,2313175376,3154387952
LastModified=1619275193
NaturalSize_1=256,256

[/usr/share/icons/BeautyLine/apps/scalable/applications-multimedia.svg]
Invalidelements=1780601404,3681480358,2593070181,1604570364,1602358490,2607307899,3675205188
LastModified=1619275193
NaturalSize_1=128,128

[/usr/share/icons/BeautyLine/apps/scalable/applications-office.svg]
Invalidelements=2703330192,2086481879,2705345522,1797443422,2092593141,1799556924,155588981
LastModified=1619275193
NaturalSize_1=192,192

[/usr/share/icons/BeautyLine/apps/scalable/applications-other.svg]
Invalidelements=2527534002,3784024375,3273069279,2907856119
LastModified=1619275193
NaturalSize_1=128,128

[/usr/share/icons/BeautyLine/apps/scalable/applications-science.svg]
Invalidelements=915314854,1357678890,1056583431,2627207248
LastModified=1619275193
NaturalSize_1=192,192

[/usr/share/icons/BeautyLine/apps/scalable/applications-system.svg]
Invalidelements=3090027588,1448471505,1516835996,4114592793
LastModified=1619275193
NaturalSize_1=192,192

[/usr/share/icons/BeautyLine/apps/scalable/applications-utilities.svg]
Invalidelements=922273005,3815417697,306697407,100485916
LastModified=1619275193
NaturalSize_1=128,128

[/usr/share/icons/BeautyLine/apps/scalable/ark.svg]
Invalidelements=894346133,1898566920,1200256535,1292525373
LastModified=1619275193
NaturalSize_1=192,192

[/usr/share/icons/BeautyLine/apps/scalable/assistant.svg]
Invalidelements=1366832334,829461146,3198175501,3493983818
LastModified=1619275193
NaturalSize_1=64,64

[/usr/share/icons/BeautyLine/apps/scalable/atom.svg]
Invalidelements=3605500826,1301241507,2327897683,1899703349
LastModified=1619275193
NaturalSize_1=512,512

[/usr/share/icons/BeautyLine/apps/scalable/audacious.svg]
Invalidelements=1715693059,3556505273,2328071459,2832460164
LastModified=1619275193
NaturalSize_1=192,192

[/usr/share/icons/BeautyLine/apps/scalable/audacity.svg]
Invalidelements=281073335,2423312899,1737650710,3202990024
LastModified=1619275193
NaturalSize_1=192,192

[/usr/share/icons/BeautyLine/apps/scalable/blender.svg]
Invalidelements=2533909540,2094790937,241750351,990067997
LastModified=1619275193
NaturalSize_1=64,64

[/usr/share/icons/BeautyLine/apps/scalable/brasero.svg]
Invalidelements=2497197265,2687282306,2474664091,4112839632
LastModified=1619275193
NaturalSize_1=128,128

[/usr/share/icons/BeautyLine/apps/scalable/calligragemini.svg]
Invalidelements=886687111,1720894570,1978470454,2720480611
LastModified=1619275193
NaturalSize_1=48,48

[/usr/share/icons/BeautyLine/apps/scalable/calligrasheets.svg]
Invalidelements=3616028472,3939064097,3199033628,3188549550
LastModified=1619275193
NaturalSize_1=48,48

[/usr/share/icons/BeautyLine/apps/scalable/calligrastage.svg]
Invalidelements=1803320143,2747612469,3451391878,3280464592
LastModified=1619275193
NaturalSize_1=48,48

[/usr/share/icons/BeautyLine/apps/scalable/calligrawords.svg]
Invalidelements=2519529522,2458306178,4082387491,1167504234
LastModified=1619275193
NaturalSize_1=48,48

[/usr/share/icons/BeautyLine/apps/scalable/cantata.svg]
Invalidelements=4260135143,863672092,283267402,230542561
LastModified=1619275193
NaturalSize_1=128,128

[/usr/share/icons/BeautyLine/apps/scalable/chromium.svg]
Invalidelements=1380326892,3826354065,838266865,1935671402,943911058
LastModified=1619275193
NaturalSize_1=192,192

[/usr/share/icons/BeautyLine/apps/scalable/color-picker.svg]
Invalidelements=1416310619,339773330,4252761874
LastModified=1619275193
NaturalSize_1=192,192

[/usr/share/icons/BeautyLine/apps/scalable/com.visualstudio.code.oss.svg]
Invalidelements=1415048388,2023930028,272398432,3626379869
LastModified=1619275193
NaturalSize_1=64,64

[/usr/share/icons/BeautyLine/apps/scalable/conky-logomark-violet.svg]
Invalidelements=2165702750,2608484909,524422118,220033854
LastModified=1619275193
NaturalSize_1=48,48

[/usr/share/icons/BeautyLine/apps/scalable/conky-manager.svg]
Invalidelements=1503556278,826980776,1653653170,2363651055
LastModified=1619275193
NaturalSize_1=48,48

[/usr/share/icons/BeautyLine/apps/scalable/cups.svg]
Invalidelements=1847850605,975353840,3085869442,3213583834
LastModified=1619275193
NaturalSize_1=128,128

[/usr/share/icons/BeautyLine/apps/scalable/cuttlefish.svg]
Invalidelements=2181825136,3444049584,946147275,1266263818
LastModified=1619275193
NaturalSize_1=192,192

[/usr/share/icons/BeautyLine/apps/scalable/dialog-password.svg]
Invalidelements=3499570934,616330026,1081682075,3106251035
LastModified=1619275193
NaturalSize_1=512,512

[/usr/share/icons/BeautyLine/apps/scalable/firefox.svg]
Invalidelements=3496151314,4156668483,2308115033,4260913757
LastModified=1619275193
NaturalSize_1=192,192

[/usr/share/icons/BeautyLine/apps/scalable/fish.svg]
Invalidelements=2063881394,3020093808,1532485780,802496690
LastModified=1619275193
NaturalSize_1=192,192

[/usr/share/icons/BeautyLine/apps/scalable/garuda-boot-options.svg]
Invalidelements=2424093091,3149850535,100097429,3814966666,2220208898
LastModified=1619275193
NaturalSize_1=192,192

[/usr/share/icons/BeautyLine/apps/scalable/garuda-network-assistant.svg]
Invalidelements=3531982299,2493811314,2977873623,1313915300
LastModified=1619275193
NaturalSize_1=48,48

[/usr/share/icons/BeautyLine/apps/scalable/gnome-aisleriot.svg]
Invalidelements=833100240,1944479250,2693633011,812869248
LastModified=1619275193
NaturalSize_1=128,128

[/usr/share/icons/BeautyLine/apps/scalable/gnome-system-log.svg]
Invalidelements=3661112414,3193012275,265531228,1738123270
LastModified=1619275193
NaturalSize_1=512,512

[/usr/share/icons/BeautyLine/apps/scalable/gps.svg]
Invalidelements=1803386686,482661055,878055744,3543466639
LastModified=1619275193
NaturalSize_1=192,192

[/usr/share/icons/BeautyLine/apps/scalable/help-browser.svg]
Invalidelements=2467621279,1008103370,467703234,4214599671
LastModified=1619275193
NaturalSize_1=192,192

[/usr/share/icons/BeautyLine/apps/scalable/htop.svg]
Invalidelements=2051389039,4244807277,2098374038,3898003718
LastModified=1619275193
NaturalSize_1=128,128

[/usr/share/icons/BeautyLine/apps/scalable/k3b.svg]
Invalidelements=1182742150,1751430765,345194309,375463961
LastModified=1619275193
NaturalSize_1=128,128

[/usr/share/icons/BeautyLine/apps/scalable/kate.svg]
Invalidelements=913455938,2255616871,1905288718,45454244
LastModified=1619275193
NaturalSize_1=64,64

[/usr/share/icons/BeautyLine/apps/scalable/kdeconnect.svg]
Invalidelements=1958761171,660383719,1094180197
LastModified=1619275193
NaturalSize_1=64,64

[/usr/share/icons/BeautyLine/apps/scalable/knotes.svg]
Invalidelements=2810687287,1222747506,314940420,3170698003
LastModified=1619275193
NaturalSize_1=64,64

[/usr/share/icons/BeautyLine/apps/scalable/ksysguardd.svg]
Invalidelements=4284555978,2220458093,3540827461,2369025967
LastModified=1619275193
NaturalSize_1=192,192

[/usr/share/icons/BeautyLine/apps/scalable/kvantum.svg]
Invalidelements=1433216899,4159781757,4121599885,515999071
LastModified=1619275193
NaturalSize_1=64,64

[/usr/share/icons/BeautyLine/apps/scalable/latte-dock.svg]
Invalidelements=2567398599,4180785210,13598686,15220728,166424059,2700954593,2573509797,2694613511
LastModified=1619275193
NaturalSize_1=128,128

[/usr/share/icons/BeautyLine/apps/scalable/libinput-gestures-qt.svg]
Invalidelements=1218952455,3781998470,2372135930,4005948408
LastModified=1619275193
NaturalSize_1=512,512

[/usr/share/icons/BeautyLine/apps/scalable/linguist.svg]
Invalidelements=1023760809,3563967715,3314091107,1727840619
LastModified=1619275193
NaturalSize_1=64,64

[/usr/share/icons/BeautyLine/apps/scalable/mpv.svg]
Invalidelements=2132454883,820500130,1908928990,1905865148,3244987039,814126780,1769860129,3826905932,362133140,1586104242,1767648327,752214790,3242971833,363525810,2134600717,754197272,4278625024
LastModified=1619275193
NaturalSize_1=192,192

[/usr/share/icons/BeautyLine/apps/scalable/multimedia-volume-control.svg]
Invalidelements=1640601513,521892048,2842720864,1565391642
LastModified=1619275193
NaturalSize_1=512,512

[/usr/share/icons/BeautyLine/apps/scalable/network-wired.svg]
Invalidelements=3473640668,1411022826,2754517166,1213469859
LastModified=1619275193
NaturalSize_1=48,48

[/usr/share/icons/BeautyLine/apps/scalable/okular.svg]
Invalidelements=1371251421,1205620402,4168116027,2478342419,911900476
LastModified=1619275193
NaturalSize_1=128,128

[/usr/share/icons/BeautyLine/apps/scalable/org.gnome.Boxes.svg]
Invalidelements=1054131947,4096124061,2247085291,1956089904
LastModified=1619275193
NaturalSize_1=64,64

[/usr/share/icons/BeautyLine/apps/scalable/org.gnome.Firmware.svg]
Invalidelements=1113968138,872998582,1287579450,2173931786
LastModified=1619275193
NaturalSize_1=56,56

[/usr/share/icons/BeautyLine/apps/scalable/org.gnome.meld.svg]
Invalidelements=2516357995,2400466869,1241317503,304394678
LastModified=1619275193
NaturalSize_1=48,48

[/usr/share/icons/BeautyLine/apps/scalable/org.kde.kdeconnect.svg]
Invalidelements=171436528,381890954,421445300,1019127636
LastModified=1619275193
NaturalSize_1=64,64

[/usr/share/icons/BeautyLine/apps/scalable/org.kde.plasma.activitybar.svg]
Invalidelements=3556148633,3423931459,1496244774
LastModified=1619275193
NaturalSize_1=128,128

[/usr/share/icons/BeautyLine/apps/scalable/org.kde.plasma.activitypager.svg]
Invalidelements=1859694706,2800557263,3011415955
LastModified=1619275193
NaturalSize_1=128,128

[/usr/share/icons/BeautyLine/apps/scalable/org.kde.plasma.bluetooth.svg]
Invalidelements=2147599984,925102798,841133311
LastModified=1619275193
NaturalSize_1=128,128

[/usr/share/icons/BeautyLine/apps/scalable/org.kde.plasma.calculator.svg]
Invalidelements=2832439451,2744151242,1328825159,1976181200
LastModified=1619275193
NaturalSize_1=192,192

[/usr/share/icons/BeautyLine/apps/scalable/org.kde.plasma.calendar.svg]
Invalidelements=960879059,933841097,2636596533
LastModified=1619275193
NaturalSize_1=128,128

[/usr/share/icons/BeautyLine/apps/scalable/org.kde.plasma.clipboard.svg]
Invalidelements=610993703,1246998132,4051436848,3235545961
LastModified=1619275193
NaturalSize_1=512,512

[/usr/share/icons/BeautyLine/apps/scalable/org.kde.plasma.colorpicker.svg]
Invalidelements=3350020609,1101719699,1106467563,2680235437
LastModified=1619275193
NaturalSize_1=192,192

[/usr/share/icons/BeautyLine/apps/scalable/org.kde.plasma.diskquota.svg]
Invalidelements=3441141854,2558595753,2752807771,1553961035
LastModified=1619275193
NaturalSize_1=64,64

[/usr/share/icons/BeautyLine/apps/scalable/org.kde.plasma.eventcalendar.svg]
Invalidelements=73605562,3345644197,2504332847
LastModified=1619275193
NaturalSize_1=128,128

[/usr/share/icons/BeautyLine/apps/scalable/org.kde.plasma.icontasks.svg]
Invalidelements=3995489785,42215524,2479849734
LastModified=1619275193
NaturalSize_1=128,128

[/usr/share/icons/BeautyLine/apps/scalable/org.kde.plasma.katesessions.svg]
Invalidelements=85240861,393821988,4062131943,2972021361
LastModified=1619275193
NaturalSize_1=64,64

[/usr/share/icons/BeautyLine/apps/scalable/org.kde.plasma.keyboardindicator.svg]
Invalidelements=1360441453,659751799,1952766854,4248028587
LastModified=1619275193
NaturalSize_1=512,512

[/usr/share/icons/BeautyLine/apps/scalable/org.kde.plasma.kickerdash.svg]
Invalidelements=2329556635,3026892256,2998077960,1565719941
LastModified=1619275193
NaturalSize_1=192,192

[/usr/share/icons/BeautyLine/apps/scalable/org.kde.plasma.konsoleprofiles.svg]
Invalidelements=1461966324,3506525621,882468111
LastModified=1619275193
NaturalSize_1=128,128

[/usr/share/icons/BeautyLine/apps/scalable/org.kde.plasma.showActivityManager.svg]
Invalidelements=2660357072,227247161,2407817731
LastModified=1619275193
NaturalSize_1=128,128

[/usr/share/icons/BeautyLine/apps/scalable/org.kde.plasma.systemmonitor.diskactivity.svg]
Invalidelements=1999774791,1174520487,3838696601,3954919679
LastModified=1619275193
NaturalSize_1=64,64

[/usr/share/icons/BeautyLine/apps/scalable/org.kde.plasma.systemmonitor.diskusage.svg]
Invalidelements=1033788047,1509793893,1605100019,3929905311
LastModified=1619275193
NaturalSize_1=64,64

[/usr/share/icons/BeautyLine/apps/scalable/partitionmanager.svg]
Invalidelements=3779419364,3115786438,3747711919,311180992
LastModified=1619275193
NaturalSize_1=64,64

[/usr/share/icons/BeautyLine/apps/scalable/plasmashell.svg]
Invalidelements=3020250311,653330627,2303042689,2755746450
LastModified=1619275193
NaturalSize_1=64,64

[/usr/share/icons/BeautyLine/apps/scalable/preferences-desktop-default-applications.svg]
Invalidelements=911669825,3633061806,655387823,1232675357
LastModified=1619275193
NaturalSize_1=192,192

[/usr/share/icons/BeautyLine/apps/scalable/preferences-desktop-emoticons.svg]
Invalidelements=3596189641,3354830762,188453219,239619688
LastModified=1619275193
NaturalSize_1=128,128

[/usr/share/icons/BeautyLine/apps/scalable/preferences-desktop-theme-global.svg]
Invalidelements=2726654304,2099018527,99413653,3360875870,2972176928,1332312032,1443966726
LastModified=1619275193
NaturalSize_1=192,192

[/usr/share/icons/BeautyLine/apps/scalable/preferences-desktop-wallpaper.svg]
Invalidelements=2449736539,2331082101,3052294497,3968629157,452166177,2332821622,286165702
LastModified=1619275193
NaturalSize_1=128,128

[/usr/share/icons/BeautyLine/apps/scalable/preferences-desktop.svg]
Invalidelements=230562202,620802023,1846477440,240334902
LastModified=1619275193
NaturalSize_1=192,192

[/usr/share/icons/BeautyLine/apps/scalable/preferences-system-network.svg]
Invalidelements=3121470676,3720913705,2268426719,972806711
LastModified=1619275193
NaturalSize_1=48,48

[/usr/share/icons/BeautyLine/apps/scalable/preferences-system-time.svg]
Invalidelements=1197881226,4174986067,3347611303,1594561893,1954079289,298077512,4177165165,3349855813,1596478727,1195997096
LastModified=1619275193
NaturalSize_1=512,512

[/usr/share/icons/BeautyLine/apps/scalable/preferences-system.svg]
Invalidelements=645898914,2500413311,1187407356,443489300,716005237,3557922816,2207553825
LastModified=1619275193
NaturalSize_1=192,192

[/usr/share/icons/BeautyLine/apps/scalable/preferences-web-browser-cache.svg]
Invalidelements=3077436832,3834492627,675272342,1212096839
LastModified=1619275193
NaturalSize_1=192,192

[/usr/share/icons/BeautyLine/apps/scalable/preferences-web-browser-cookies.svg]
Invalidelements=3125037440,635330023,2340045574,4092153764
LastModified=1619275193
NaturalSize_1=128,128

[/usr/share/icons/BeautyLine/apps/scalable/qdbusviewer.svg]
Invalidelements=1220532157,1388933864,1130122567,868052539
LastModified=1619275193
NaturalSize_1=64,64

[/usr/share/icons/BeautyLine/apps/scalable/qv4l2.svg]
Invalidelements=179899020,3284020454,1203486964,3887042699
LastModified=1619275193
NaturalSize_1=64,64

[/usr/share/icons/BeautyLine/apps/scalable/qvidcap.svg]
Invalidelements=709676902,3844503429,3263426472,2385034246
LastModified=1619275193
NaturalSize_1=64,64

[/usr/share/icons/BeautyLine/apps/scalable/spectacle.svg]
Invalidelements=127827083,330191370,925862966,3553899499
LastModified=1619275193
NaturalSize_1=192,192

[/usr/share/icons/BeautyLine/apps/scalable/stoken-gui.svg]
Invalidelements=3101210007,2925320370,4072900675,318309213
LastModified=1619275193
NaturalSize_1=512,512

[/usr/share/icons/BeautyLine/apps/scalable/system-file-manager.svg]
Invalidelements=763943404,2843148458,843661613,3884130679,2026032502,3195409094,4273567006
LastModified=1619275193
NaturalSize_1=128,128

[/usr/share/icons/BeautyLine/apps/scalable/system-software-install.svg]
Invalidelements=4069611810,2810009237,2265879008,2203524170,639883875,4072020292,3736948093,2995554216,110251755,637606401
LastModified=1619275193
NaturalSize_1=128,128

[/usr/share/icons/BeautyLine/apps/scalable/thunderbird.svg]
Invalidelements=2394347710,3352588665,2667472690,1396350901
LastModified=1619275193
NaturalSize_1=128,128

[/usr/share/icons/BeautyLine/apps/scalable/timeshift.svg]
Invalidelements=3496758807,3033559334,555005781,1359866485
LastModified=1619275193
NaturalSize_1=64,64

[/usr/share/icons/BeautyLine/apps/scalable/utilities-system-monitor.svg]
Invalidelements=3154416621,3635543088,2152096851,1242172374
LastModified=1619275193
NaturalSize_1=192,192

[/usr/share/icons/BeautyLine/apps/scalable/utilities-terminal.svg]
Invalidelements=3125916146,3718827507,4072533847,2282926876,3123769812,2289070974,3559445047,3943246590,2659086332,135124766
LastModified=1619275193
NaturalSize_1=128,128

[/usr/share/icons/BeautyLine/apps/scalable/variety.svg]
Invalidelements=1176974841,2297687225,925516799,821887942
LastModified=1619275193
NaturalSize_1=48,48

[/usr/share/icons/BeautyLine/apps/scalable/wireshark.svg]
Invalidelements=3387576494,598730357,884266642,4292030912
LastModified=1619275193
NaturalSize_1=64,64

[/usr/share/icons/BeautyLine/apps/scalable/wps-office-kingsoft.svg]
Invalidelements=3172944784,3235053273,607115219,4125973104
LastModified=1619275193
NaturalSize_1=192,192

[/usr/share/icons/BeautyLine/apps/scalable/xgpsspeed.svg]
Invalidelements=4289381859,4270285738,2839347438,1955253421
LastModified=1619275193
NaturalSize_1=192,192

[/usr/share/icons/BeautyLine/mimetypes/scalable/text-markdown.svg]
Invalidelements=2233626372,1993356331,2475400302,2632932278
LastModified=1619275193
NaturalSize_1=256,256

[/usr/share/icons/BeautyLine/mimetypes/scalable/text-plain.svg]
Invalidelements=462285759,2052669672,1323908581,4141718156
LastModified=1619275193
NaturalSize_1=256,256

[/usr/share/icons/BeautyLine/mimetypes/scalable/unknown.svg]
Invalidelements=345879059,679204501,1984037447
LastModified=1619275193
NaturalSize_1=22,22

[/usr/share/icons/BeautyLine/places/16/start-here-kde-plasma.svg]
Invalidelements=1913784811,915891977,4062559526
LastModified=1619275193
NaturalSize_1=16,16

[/usr/share/icons/BeautyLine/places/48/inode-directory.svg]
Invalidelements=3340433561,1294738320,2240280487,2907241254
LastModified=1619275193
NaturalSize_1=128,128

[/usr/share/plasma/desktoptheme/Sweet/dialogs/background.svgz]
1555887136=152.00009999999997,16,40,40
1883208073=71.00009999999997,31.5,9.999870300000111,3
2019457079=152.00009601856004,10.9999736862801,39.99999959999991,5
2495933307=152.00009601856004,56,39.99999959999991,5
2661226547=121.00009999999997,32,10.00000799999998,3
270911988=192.00002100000006,56,5.000099999999975,5
3366875526=147.00012100000004,16.000046018559942,5,39.99999959999991
3718368585=146.99999999999977,10.9999736862801,5.000099999999975,5
379280900=192.00009999999997,16.000046018559942,5,39.99999959999991
3911413786=136.5,61,5,5
403673390=147.00009999999997,56,5.000099999999975,5
440435861=99.00009999999997,5,3,9.999989500000083
539607061=99.5,51,3,10.000009999999975
616692081=192.00002100000006,10.9999736862801,5.000099999999975,5
Invalidelements=2598484530,107429126,2896047639,1483051116,2560251945,397340917,2963711651,2454002160,2597493366,572418983,2590153025,3234695191,3235424347,3124477236,4071691726,1129171506,2537117841,390320305,2585770173,483145372,3348405828,1484189856,571165667,2835316717,3890174177,2962982559,941316481,3347316104,483486032,3315078690,106060482,939948613,2831948841,4070339978,4128231418,1135652342,1709291890,2453305780,4129075134,1710381494,2533636317,2897038939,3891509421,3121536488,3316987494,2562111597
LastModified=1618470396
NaturalSize_1=218,66

[/usr/share/plasma/desktoptheme/Sweet/icons/applications.svg]
3276854820=-2.071433e-06,10.000015,22,22
3614873423=8.962962962962962,0,13.037037037037036,22
3729377749=-8.439171481481481e-07,6.8750103125,8.962962962962962,15.125
975095761=22,0,32,32
Invalidelements=2878599336,2877329644,2923442120,2925464580
LastModified=1618470396
NaturalSize_1=54,32
applications-other=22x22,

[/usr/share/plasma/desktoptheme/Sweet/icons/audio.svg]
1222557578=8.500001250000004,-12.999998850097654,4.000001249999997,4
1272717395=268.53572,360.50504,22,22
1287730340=-9.999999974752427e-07,4.5996093831490725e-06,31.99999999999997,32
143158414=95.99999999999997,0,32,32
1477852870=-8.749999977908374e-07,4.0246582102554385e-06,27.999999999999975,28
1507064744=-8.124999979486347e-07,3.7371826238086214e-06,25.99999999999998,26
1589077760=0,-22.3125,14.437499999999982,14.4375
1597748784=-6.874999982642294e-07,3.1622314509149874e-06,21.99999999999998,22
1633929645=246.53572,360.50504,21.99999999999997,22
1696867477=-1.031249997396344e-06,4.743347176372481e-06,32.99999999999997,33
176478310=-6.249999984220267e-07,2.8747558644681703e-06,19.999999999999982,20
1874061882=-2.499999993688107e-07,1.1499023457872681e-06,7.999999999999993,8
2141492647=15.999999749999994,1.1499023457872681e-06,8,8
2253089428=-5.62499998579824e-07,2.5872802780213533e-06,17.999999999999986,18
2608636439=-1.124999997159648e-06,5.174560556042707e-06,35.99999999999997,36
2639422788=290.53572,360.50504,22,22
2664387253=-9.062499977119387e-07,4.168396003478847e-06,28.999999999999975,29
26768185=-7.812499980275334e-07,3.593444830585213e-06,24.99999999999998,25
2816628508=4.249997749999999,-12.999998850097654,4.000001249999997,4
287654413=280.535725,342.5050445996094,16.000004999999987,16
3132919040=53.999999999999986,0,18,18
3206808525=0,-20.1875,13.062499999999982,13.0625
3207556957=-1.0937499972385467e-06,5.030822762819298e-06,34.99999999999997,35
321205085=-7.187499981853307e-07,3.305969244138396e-06,22.99999999999998,23
3248540178=263.535711,342.5050445996094,16.000004999999987,16
3333911981=-9.687499975541414e-07,4.455871589925664e-06,30.99999999999997,31
3389576880=65.99999999999999,0,22,22
3430520801=-1.0624999973174454e-06,4.8870849695958896e-06,33.99999999999997,34
3631116782=30.25000000000002,-23.375,15.125,15.125
3686640798=7.9999997499999935,1.1499023457872681e-06,8,8
3877067241=246.53572,342.50504,16.000010000000003,16
392222806=297.535711,342.50504,16.00000399999999,16
3947246591=31.999998999999974,4.5996093831490725e-06,32,32
3967270549=15.12500000000002,-23.375,15.125,15.125
4049917052=0,-19.125,12.374999999999984,12.375
4113622748=43.99999931249998,3.1622314509149874e-06,22,22
4228682577=-6.56249998343128e-07,3.018493657691579e-06,20.999999999999982,21
426734082=0,-13,4.000002500000001,4
4283993112=312.53572,360.50504,22,22
470738664=21.99999931249998,3.1622314509149874e-06,22,22
651866167=-5.937499985009254e-07,2.731018071244762e-06,18.999999999999982,19
69242211=37.125000000000014,-19.125,12.375,12.375
866736631=63.999998999999974,4.5996093831490725e-06,32,32
903595184=-9.3749999763304e-07,4.3121337967022555e-06,29.99999999999997,30
905553917=45.37500000000002,-23.375,15.125,15.125
968893513=0,-23.375,15.12499999999998,15.125
995813782=0,-21.25,13.749999999999982,13.75
Invalidelements=459629523,3658742753
LastModified=1618470396
NaturalSize_1=32,32
audio-volume-high=22x22,16x16,22x22,16x16,22x22,16x16,22x22,16x16,
audio-volume-low=16x16,22x22,22x22,16x16,22x22,16x16,22x22,16x16,22x22,16x16,
audio-volume-medium=16x16,22x22,16x16,22x22,16x16,22x22,16x16,22x22,
audio-volume-muted=22x22,16x16,22x22,16x16,22x22,16x16,22x22,16x16,22x22,16x16,

[/usr/share/plasma/desktoptheme/Sweet/icons/battery.svg]
1119526361=-64,-40,32,32
1508729082=214.53572,404.50504,22,22
1685651989=320,-40,32,32
1998633043=390.53572,404.50504,22,22
2103652099=236.53572,404.50504,21.99999999999997,22
2153697887=456.53572,404.50504,22,22
2217106138=302.53572,404.50504,22,22
2460461127=258.53572,404.50504,22,22
2648900007=324.53572,404.50504,22,22
3074279807=192.53572,404.50504,22,22
3211290178=170.53572,404.50504,22,22
3273662974=412.53572,404.50504,22,22
3719347404=256,-40,32,32
3797235835=434.53572,404.50504,22,22
3972503468=346.53572,404.50504,22,22
4254265527=242.53572,438.50504,21.99999999999997,22
696632388=280.53572,404.50504,22,22
959212197=368.53572,404.50504,22,22
AcAdapter=22x22,22x22,
Battery=22x22,22x22,
Fill0=22x22,22x22,
Fill10=22x22,22x22,
Fill100=22x22,22x22,
Fill20=22x22,22x22,
Fill30=22x22,22x22,
Fill40=22x22,22x22,
Fill50=22x22,22x22,
Fill60=22x22,22x22,
Fill70=22x22,22x22,
Fill80=22x22,22x22,
Fill90=22x22,22x22,
Invalidelements=2850518154,788347732,164289941,165674065,785275664,2851230926
LastModified=1618470396
NaturalSize_1=22,22
Unavailable=22x22,22x22,
battery-ups=22x22,22x22,

[/usr/share/plasma/desktoptheme/Sweet/icons/computer.svg]
1025916839=16,6.999977,22,22
1080232677=8.685714285714285,0,7.314285714285714,8
1236925413=38,0,32,32
1756851810=0,3.24999425,3.657142857142857,4
1778188715=16,41.999977,22,22
302139273=0,12.999977,16,16
346508288=0,46.999977,16,16
Invalidelements=459766123,1244121106,1176366108,1242097750,2616505863,2613564995,1175374928,458381743
LastModified=1618470396
NaturalSize_1=70,64
computer=16x16,22x22,
computer-laptop=16x16,22x22,

[/usr/share/plasma/desktoptheme/Sweet/icons/configure.svg]
1315496790=0,10,22,22
1759903215=0,6.875,8.962962962962962,15.125
1918543223=22,0,32,32
4030568775=8.962962962962962,0,13.037037037037036,22
508002150=-16,16,16,16
Invalidelements=3118555218,4282441334,3429628088,3427047548,2122417801,4284349994,3117564318,2121623877
LastModified=1618470396
NaturalSize_1=54,32
configure=16x16,22x22,16x16,22x22,16x16,22x22,16x16,22x22,16x16,22x22,16x16,22x22,16x16,22x22,16x16,22x22,16x16,22x22,16x16,22x22,

[/usr/share/plasma/desktoptheme/Sweet/icons/device.svg]
1318803356=353,534.36218,22,22
2682014713=375,537.36218,16,16
2952359101=0,2.0000000063191692e-05,32,32
Invalidelements=1648648893,1651196657,4143698347,4140315119
LastModified=1618470396
NaturalSize_1=32,32
device-notifier=22x22,16x16,16x16,22x22,

[/usr/share/plasma/desktoptheme/Sweet/icons/edit.svg]
3022682312=0,10,22,22
Invalidelements=2044782440,759806339,1583748330,1245239291
LastModified=1618470396
NaturalSize_1=54,32
edit-delete=22x22,22x22,

[/usr/share/plasma/desktoptheme/Sweet/icons/go.svg]
1006975268=22,0,22,22
2990186866=44,0,22,22
369681583=16,0,16,16
3876503390=32,0,16,16
Invalidelements=3071894290,3232657371,2873224227,2235706321,2612764172,2833531086,2611920840,3235712791,236802230,2874592367,2239171477,241725554
LastModified=1618470396
NaturalSize_1=22,22

[/usr/share/plasma/desktoptheme/Sweet/icons/input.svg]
1019392170=16,42.000015,22,21.999999999999993
1282992883=16,170.00002,22,22
16067043=38,64.000015,32,32
1771181487=17.37142857142857,16.0000025,14.628571428571428,5.333333333333336
1826174461=8.685714285714285,5.333334583333333,7.314285714285714,2.6666666666666665
1836109534=38,96.000015,32,32.000000000000014
2778023185=16,10.000015,22,22
323515866=8.685714285714285,0,7.314285714285714,2.6666666666666665
3285847316=17.37142857142857,0,14.628571428571428,5.333333333333333
3338528010=16,138.00002,22,22
3472991552=16,106.00002,22,22
3497258217=3.657142857142857,6.1666679166666665,5.0285714285714285,1.8333333333333333
3906985517=0,176.00002,16,16
4096558481=3.657142857142857,0.8333345833333332,5.0285714285714285,1.8333333333333333
695848460=38,0,32,32
807866350=16,74.000015,22,22
Invalidelements=1953295002,4249178543,1954514270,4256592363,884117327,4040531071,883404691,4039163835,459887112
LastModified=1618470396
NaturalSize_1=70,192
input-keyboard=22x22,
input-keyboard-battery=22x22,
input-keyboard-brightness=22x22,22x22,
input-keyboard-virtual-off=22x22,
input-keyboard-virtual-on=22x22,
input-mouse-battery=16x16,22x22,

[/usr/share/plasma/desktoptheme/Sweet/icons/kdeconnect.svg]
221380008=283,537.36218,16,16
3492472735=0,0,32,32
73161126=299,534.36218,22,22
Invalidelements=2480562970,4253643809,2479686854,4254749797
LastModified=1618470396
NaturalSize_1=32,32
kdeconnect=16x16,22x22,22x22,16x16,

[/usr/share/plasma/desktoptheme/Sweet/icons/klipper.svg]
1635160768=1.9073486e-06,0,31.999999999999996,32
2095786735=32.000004,5,22,22
2740815947=1.3113021625e-06,0,21.999999999999996,22
313941900=22.000002749999997,3.4375,15.125,15.125
Invalidelements=3446100214,395243987,502052156,3446829242,396202271,3722137224,3723898188,502519152
LastModified=1618470396
NaturalSize_1=32,32
klipper=22x22,

[/usr/share/plasma/desktoptheme/Sweet/icons/list.svg]
167107796=-11.636363636363637,2.1818181818181817,11.636363636363637,11.636363636363637
2251987174=0,0,22,22
2362650402=44,3,16,16
3962765369=-16,3,16,16
515481864=0,0,16,16
Invalidelements=2691345054,1465259535,41943392,2692729690,1464022723,1910228833,1911826269,41230764
LastModified=1618470396
NaturalSize_1=22,22
list-add=16x16,16x16,16x16,16x16,16x16,16x16,16x16,16x16,16x16,16x16,16x16,16x16,
list-remove=16x16,16x16,16x16,16x16,16x16,16x16,16x16,16x16,16x16,16x16,16x16,16x16,

[/usr/share/plasma/desktoptheme/Sweet/icons/media.svg]
1018200044=236.53572,372.50504,21.99999999999997,22
102611221=39.999999999999986,-30.065505,8,8
1066491788=230.53572,334.37403,15.999999000000003,16.00000399999999
1101708432=258.53572,372.50504,22,22
1422006638=246.53572,334.37404000000004,15.999999999999972,16
1427439005=214.53572,350.50504,22,22
1681571468=95.99999999999999,2.2998046915745363e-06,16,16
174439195=346.53572,372.50504,22,22
1810264684=31.999999999999986,-30.065505,8,8
2001586721=246.53572,318.37403,15.999999999999972,16
2029389768=278.53571999999997,334.37403,16,16
2126791083=191.99999999999997,4.5996093831490725e-06,32,32
2396604189=262.53571999999997,318.37403,16,16
2447732917=294.53571999999997,318.37403,16,16
2531503194=280.53572,372.50504,22,22
2726991241=214.53572,372.50504,22,22
2925690134=302.53572,372.50504,22,22
3075109723=324.53572,372.50504,22,22
3098442957=390.53572,372.50504,22,22
3257439128=214.53572,318.37403,16,16
3397241727=278.53571999999997,318.37403,16,16
3518545299=160.00000000000009,4.5996093831490725e-06,32,32
3559803101=258.53572,350.50504,22,22
3606614785=153.99999999999997,3.1622314509149874e-06,22,22
3809526316=223.99999999999997,4.5996093831490725e-06,32,32
3951399469=-8.251953147464519e-07,4.5996093831490725e-06,32,32
4031279002=294.53571999999997,334.37403,16,16
4164943916=80.00000000000004,2.2998046915745363e-06,16,16
4190095353=368.53572,372.50504,22,22
557466386=230.53572,318.37403,16,16
642491683=236.53572,350.50504,21.99999999999997,22
718277929=262.53571999999997,334.24303000000003,16,16
944474833=121.00000000000001,-15.125,15.125,15.125
Invalidelements=2072747589,3744330494,510532313,503413269,1329197030,2074000897,1339477794,3738751802
LastModified=1618470396
NaturalSize_1=32,32
media-eject=22x22,
media-playback-pause=22x22,16x16,
media-playback-paused=16x16,22x22,
media-playback-playing=16x16,22x22,
media-playback-start=22x22,16x16,
media-playback-stop=16x16,22x22,
media-playback-stopped=16x16,22x22,
media-record=22x22,16x16,
media-seek-backward=22x22,16x16,
media-seek-forward=22x22,16x16,
media-skip-backward=22x22,16x16,
media-skip-forward=16x16,22x22,

[/usr/share/plasma/desktoptheme/Sweet/icons/network.svg]
1084473343=-133.99999972820805,97.9999670563501,21.999999152312995,21.999999152312995
1172394281=-20.6250048125,-65.99996191141729,21.999998443651595,21.999998443651595
1209589708=0,-31.999944598425145,31.9999977362205,31.9999977362205
1250765473=-15.124999813143031,67.37497735124069,15.124999417215186,15.124999417215184
1332277341=-109.99999972820805,97.9999670563501,21.999999152312995,21.999999152312995
1403664519=-30.24999981314303,37.12497735124062,15.124999417215186,15.124999417215184
1411283800=-87.99999972820805,97.9999670563501,21.999999152312995,21.999999152312995
1492862908=-107.24999981314303,21.999977351240616,15.124999417215184,15.124999417215184
1502686330=134,-56,22,22
1586718472=-65.99999972820805,75.99996705634999,21.999999152312995,21.999999152312995
1684003692=-87.99999972820805,53.99996705634999,21.999999152312995,21.999999152312995
1873357801=-61.999997,-63.999944598425145,31.9999977362205,31.9999977362205
1983482373=-93.999997,-63.999944598425145,31.9999977362205,31.9999977362205
2105427886=-133.99999972820805,53.99996705634999,21.999999152312995,21.999999152312995
2216349315=-30.000007,-63.999944598425145,31.9999977362205,31.9999977362205
2257702201=96,-31.999944598425145,31.999997736220507,31.9999977362205
2328648821=-177.99999972820805,31.999967056349988,21.999999152312995,21.999999152312995
2334704937=44,32.000001,22,22
2401713157=-21.999998728208045,53.99996705634999,21.999999152313,21.999999152312995
2402114675=-94,-31.999944598425145,31.9999977362205,31.9999977362205
2431410151=-43.999999728208046,31.999967056349988,21.999999152313,21.999999152312995
2478118563=-133.99999972820805,31.999967056349988,21.999999152312995,21.999999152312995
2479619592=-199.99999972820805,31.999967056349988,21.999999152312995,21.999999152312995
250873740=-21.999999728208046,75.99996705634999,21.999999152313,21.999999152312995
2543668246=107.25,37.1250006875,15.125,15.125
2652341067=-42.625,-21.999961911417287,21.999998443651595,21.999998443651595
2679217747=-133.99999972820805,75.99996705634999,21.999999152312995,21.999999152312995
2835478992=-109.99999972820805,53.99996705634999,21.999999152312995,21.999999152312995
2839822830=-30.000007,-95.99994459842515,31.9999977362205,31.9999977362205
2940394653=-21.999998728208045,31.999967056349988,21.999999152313,21.999999152312995
2952820114=110,32.000000667724606,22,22
2997572043=92.125,-38.5,15.125,15.125
310359050=66,32.000001,22,22
3111980301=156,54.000001,22,22
3159279019=-109.99999972820805,75.99996705634999,21.999999152312995,21.999999152312995
3196248621=-62,-31.999944598425145,31.9999977362205,31.9999977362205
3262361812=-20.625006875,-21.999961911417287,21.999998443651595,21.999998443651595
3277077979=-87.99999972820805,75.99996705634999,21.999999152312995,21.999999152312995
3337530222=-30.00001,-31.999944598425145,31.9999977362205,31.9999977362205
3345366157=22,32.000001,22,22
3363894641=-21.999999728208046,97.9999670563501,21.999999152313,21.999999152312995
3445818262=-152.62499981314303,21.999977351240616,15.124999417215184,15.124999417215184
3465878563=-155.99999972820805,31.999967056349988,21.999999152312995,21.999999152312995
3520289317=-87.99999972820805,31.999967056349988,21.999999152312995,21.999999152312995
352355352=-15.124999125643031,37.12497735124062,15.124999417215186,15.124999417215184
3601879594=0,32.000000667724606,22,22
3738389050=88,32.000000667724606,22,22
3901767524=-109.99999972820805,31.999967056349988,21.999999152312995,21.999999152312995
3976984125=-43.999999728208046,97.9999670563501,21.999999152313,21.999999152312995
3987067409=-64.625,-21.999961911417287,21.999998443651595,21.999998443651595
4052543266=-65.99999972820805,53.99996705634999,21.999999152312995,21.999999152312995
4060265632=-43.999999728208046,75.99996705634999,21.999999152313,21.999999152312995
4189753867=-65.99999972820805,97.9999670563501,21.999999152312995,21.999999152312995
4192785207=-45.374999813143035,37.12497735124062,15.124999417215184,15.124999417215184
555145224=0,-21.999961911417287,21.999998443651595,21.999998443651595
670638787=-221.99999972820805,31.999967056349988,21.999999152312995,21.999999152312995
716336718=66,-21.999961911417287,21.9999984436516,21.999998443651595
725019065=-65.99999972820805,31.999967056349988,21.999999152312995,21.999999152312995
820960042=-43.999999728208046,53.99996705634999,21.999999152313,21.999999152312995
959415579=-158,-63.999944598425145,31.999997736220507,31.9999977362205
Invalidelements=3634579182,3405951640,2534632851,3408892628,3638453938,1878865909,2791247801,1874991025,1499713198,2789994493,1501474410,2533772751
LastModified=1618470396
NaturalSize_1=32,32
network-unavailable=22x22,22x22,
network-wired=22x22,22x22,
network-wired-activated=22x22,22x22,
network-wired-activated-limited=22x22,22x22,
network-wired-activated-locked=22x22,22x22,
network-wired-available=22x22,22x22,
network-wireless-0=22x22,22x22,
network-wireless-0-limited=22x22,22x22,
network-wireless-0-locked=22x22,22x22,
network-wireless-100=22x22,22x22,
network-wireless-100-limited=22x22,22x22,
network-wireless-100-locked=22x22,22x22,
network-wireless-20=22x22,22x22,
network-wireless-20-limited=22x22,22x22,
network-wireless-20-locked=22x22,22x22,
network-wireless-40=22x22,22x22,
network-wireless-40-limited=22x22,22x22,
network-wireless-40-locked=22x22,22x22,
network-wireless-60=22x22,22x22,
network-wireless-60-limited=22x22,22x22,
network-wireless-60-locked=22x22,22x22,
network-wireless-80=22x22,22x22,
network-wireless-80-limited=22x22,22x22,
network-wireless-80-locked=22x22,22x22,
network-wireless-available=22x22,22x22,22x22,22x22,
network-wireless-connected-00=22x22,22x22,
network-wireless-connected-100=22x22,22x22,
network-wireless-connected-20=22x22,22x22,
network-wireless-connected-40=22x22,22x22,
network-wireless-connected-60=22x22,22x22,
network-wireless-connected-80=22x22,22x22,
network-wireless-disconnected=22x22,22x22,
network-wireless-off=22x22,22x22,
network-wireless-on=22x22,22x22,22x22,22x22,

[/usr/share/plasma/desktoptheme/Sweet/icons/notification.svg]
1688052236=0,0,22,22
2111521389=88,0,22,22
2554854269=110,0,22,22
265443582=22,0,22,22
3415969532=44,0,22,22
366874613=59,-32,32,32
851102468=66,0,22,22
Invalidelements=2327410409,4115097099,2328630949,4115957335
LastModified=1618470396
NaturalSize_1=22,22
notification-active=22x22,
notification-disabled=22x22,
notification-empty=22x22,
notification-inactive=22x22,22x22,
notification-progress-active=22x22,
notification-progress-inactive=22x22,

[/usr/share/plasma/desktoptheme/Sweet/icons/plasmavault.svg]
2876146272=1.9073486e-06,0,31.999999999999996,32
647885455=32.000004,10,22,22
Invalidelements=1552263199,1555204187,446627737,452059093
LastModified=1618470396
NaturalSize_1=32,32
plasmavault=22x22,22x22,

[/usr/share/plasma/desktoptheme/Sweet/icons/preferences.svg]
1615883237=-44.000002,22.000001,22,21.999999999999996
1695369865=-30.250001375,15.1250006875,15.125,15.124999999999998
2003979939=-60.000002,5.99996546772461,16,16
2062863645=-82.000002,-32,32,32
2075963507=-66.000002,22.000001,22,21.999999999999996
2205614647=-22,22.000001,22,21.999999999999996
2610974396=-44.000002,-3.3227539e-07,22,22
2630831872=-33.687501375000004,-22,22,22
3003650905=-22,0,22,22
3561088059=-49.000002,-32,32,32
Invalidelements=279426510,3787167539,3785684223,445760787,668434122,854838353,665100038,278189442,447145439,3872745598,3108568098,284730222,1537812986,839838749,3871754298,1536968758
LastModified=1618470396
NaturalSize_1=32,32
preferences-desktop-display-randr=22x22,16x16,22x22,16x16,22x22,16x16,22x22,16x16,
preferences-desktop-notification=22x22,22x22,22x22,22x22,
preferences-system-bluetooth=22x22,22x22,22x22,22x22,
preferences-system-bluetooth-activated=22x22,22x22,22x22,22x22,
preferences-system-bluetooth-inactive=22x22,22x22,22x22,22x22,

[/usr/share/plasma/desktoptheme/Sweet/icons/printer.svg]
10932129=0,0,32,32
1871069211=32,10,22,22
Invalidelements=3263040883,1568483867
LastModified=1618470396
NaturalSize_1=32,32
printer=22x22,

[/usr/share/plasma/desktoptheme/Sweet/icons/system.svg]
1346952246=54,73.67948693614017,22,22.320513063859835
1595852306=22,12.663661817149091,8.962962962962962,3.836338182850909
1639944895=0,-22,22,22
178912711=54,10,22,22
1813810545=112,42,22,22
1971332386=54,42,22,22
2012307523=30.962962962962962,11,13.037037037037036,5.5
241807365=0,42,22.189065,22
2474853407=8.962962962962962,16.5,13.037037037037036,5.5
2558507320=-0.5357089000000008,74,22.5357089,22
2570404538=76,64,32,32
2654021495=0,7.21875,9.039989444444444,3.78125
2827747191=22,32,32,32
2908788919=22,96,32,32
3016146834=0,10,22.07937326,22
3112498830=22,0,32,32
3194620542=0,18.21875,8.962962962962962,3.78125
3868313883=67.55555555555556,0,28.444444444444443,12
4129120448=0,1.71875,8.995300217037038,3.78125
637107532=8.962962962962962,5.5,13.037037037037036,5.5
724443503=8.962962962962962,0,13.037037037037036,5.5
739699865=76,0,32,32
858529516=0,106,22,22
993010306=54,106,22,22
Invalidelements=1111206051,4052267254,20161983,645220778,4053504178,19285371,642148758,1109969055
LastModified=1618470396
NaturalSize_1=54,128
system-lock-screen=22x22,
system-log-out=22x22,22x22,
system-reboot=22x22,22x22,
system-save-session=22x22,
system-search=22x22,
system-shutdown=22x22,22x22,
system-suspend=22x22,22x22,
system-suspend-hibernate=23x22,
system-switch-user=22x22,
system-users=22x22,

[/usr/share/plasma/desktoptheme/Sweet/icons/user.svg]
1080403867=132,0,22,22
1369720570=44,0,22,22
1877273870=0,108,157.0909090909091,157.0909090909091
2593353304=0,0,22,22
2922345152=88,0,22,22
2944527783=0,22,32,32
3774623361=66,0,22,22
3859328304=110,0,22,22
386523250=22,0,22,22
Invalidelements=1803846243,328730369
LastModified=1618470396
NaturalSize_1=22,22
user-away=22x22,22x22,
user-away-extended=22x22,22x22,
user-busy=22x22,22x22,
user-identity=22x22,22x22,
user-invisible=22x22,22x22,
user-offline=22x22,22x22,
user-online=22x22,22x22,

[/usr/share/plasma/desktoptheme/Sweet/icons/video.svg]
322671775=-22,9.99999966772461,22,22
4213693318=0,0,32,32
Invalidelements=2305334028,3957713585,2304490448,3952216821
LastModified=1618470396
NaturalSize_1=32,32
video-display-brightness=22x22,22x22,22x22,22x22,22x22,

[/usr/share/plasma/desktoptheme/Sweet/icons/view.svg]
301527119=0,42,22,22
3240428900=0,0,22,22
3780648224=22,0,32,32
Invalidelements=214660718,3946422192,333498943,3956588532,204871330
LastModified=1618470396
NaturalSize_1=54,64
view-history=22x22,
view-refresh=22x22,

[/usr/share/plasma/desktoptheme/Sweet/icons/window.svg]
3526292570=14.666666666666666,0,7.333333333333333,11
360024087=16,0,8,8
Invalidelements=146738247,29387249,429737847,2893895209,2892920437,428517171,32328109
LastModified=1618470396
NaturalSize_1=24,16

[/usr/share/plasma/desktoptheme/Sweet/widgets/action-overlays.svgz]
Invalidelements=905034755,1724109962,1725363406,1911456494,1912300194,190901728,192794028,902126791
LastModified=1618470396
NaturalSize_1=22,76

[/usr/share/plasma/desktoptheme/Sweet/widgets/actionbutton.svgz]
2599162471=4,68.37500299999999,22,22
2810437672=21.000000000000004,131.9999976,21.999999999999996,22
4222746257=0,31.999999999999993,30,30
Invalidelements=2404573214,1264575599,2406465626,1264747563,3998253136,3997557132,2681103221,2671592249
LastModified=1618470396
NaturalSize_1=30,122
normal=22x22,22x22,22x22,22x22,22x22,22x22,22x22,22x22,
pressed=22x22,

[/usr/share/plasma/desktoptheme/Sweet/widgets/arrows.svgz]
Invalidelements=2736750063,1866803106,2860948664,2758154327,1867515750,2757064731,2735365427,2867461244
LastModified=1618470396
NaturalSize_1=67,14

[/usr/share/plasma/desktoptheme/Sweet/widgets/background.svgz]
149421681=122.00002100000006,10.99997338628009,5.000099999999975,5
1930345495=77.00009999999997,56,5.000099999999975,5
2011549210=77.00012100000004,16.000046018559942,5,39.99999959999991
2095696140=101.00009999999997,11,3,9.999989500000083
240626403=82.00009999999997,16,40,40
266441276=99.5,51,3,10.000009999999975
297967934=76.99999999999977,10.99997338628009,5.000099999999975,5
322405941=82.00009601856004,10.99997338628009,39.99999959999991,5
366395489=136.5,61,5,5
3962693976=82.00009601856004,56,39.99999959999991,5
3995248399=77.00019999999995,34,9.999870300000111,3
4044302937=117.00009999999997,35,10.00000799999998,3
596795683=122.00009999999997,16.000046018559942,5,39.99999959999991
982485005=122.00002100000006,56,5.000099999999975,5
Invalidelements=1399836503,859040328,1211636855,3037021083,3125399817,318254353,1051766031,1399910155,1545426495,4164234488,317410781,1208810547,3038127015,3128603085,186236547,858049156,1050922307,1546237435,4160899900,185261775
LastModified=1618470396
NaturalSize_1=218,66

[/usr/share/plasma/desktoptheme/Sweet/widgets/bar_meter_horizontal.svgz]
1085888236=94,20,3,3
1177424368=101,9.999999720000005,3,2.000000010000008
1320762476=98,10,2,2
164812858=94,27,3,3
2661816255=27.486084,10.068,8.000000000000004,7.999999999999998
2665013690=101,23.999999719999998,3,2.000000010000008
3231032197=94,13,3,3
3292863450=94,10.000000720000003,3,2.000000010000008
3312695903=101,20,3,3
3348362470=97.99999972,20,2.000000010000008,3
3393397521=101,6,3,3
3574850450=94,6,3,3
3793785639=98.00000072,27,2.000000010000008,3
4079934298=98.00000072,13,2.000000010000008,3
480043799=97.99999972,6,2.000000010000008,3
512671943=98,24,2,2
603743412=101,27,3,3
758940348=101,13,3,3
775193347=94,24.000000719999996,3,2.000000010000008
921434713=6.2501478,4.4389138,3.4471455000000004,3.5355339
Invalidelements=584257295,581502845,295154368,4019292529,720616564,905446865,71498316,2805895783,3872921047,2527462943,4060782401,3872208275,1692838808,3403004069,115085856,3313887208,3528421585,3725054139,582870785,3596596668,1566504066,2288106613,114242076,3074393731,2522109411,3403716857,70244872,2578953017,293900932,2587394220,3156412257,4022118837,2009304764,3242468851,3245540399,81335382,27297540,1773529968,3864004327,2597085424,2575660702,3863291427,2011082432,3157682013,2289228985,2476859071,2583583694,3075532487,3316172716,1567347910,2520872367,3335351789,490499923,80509850,1964390545,718036152,2404720849,1772276652,1694059356,3530723469,1161819250,855106942,2578092285,695602333,696511649,898589965,2567535370,1372662640,3592590840,2579109594,1371949884,4061757317,3336703409,2407006221,1161991214,847545602,2529896027,2804790203,3726307711,1965234517,28666048,2478587643
LastModified=1618470396
NaturalSize_1=132,32

[/usr/share/plasma/desktoptheme/Sweet/widgets/busywidget.svgz]
1003650650=43.65624736,264.456227,5.820833200000003,5.820833199999981
357571699=52.38750135,265.24998,4.233333100000003,4.233333099999982
3825962920=0,0,35.983334,35.983345000000014
Invalidelements=1116133213,3617236080,1116845841,2763938540,3886498566,3614934060,2761145000,3880493250
LastModified=1618470396
NaturalSize_1=136,136
busywidget=6x6,4x4,6x6,4x4,

[/usr/share/plasma/desktoptheme/Sweet/widgets/button.svgz]
1001977672=81,104.99998999999991,8,11
1002903783=-106,-16.00001000000009,6,2
1124989132=-174,-17.661140000000046,3,2.6611670999999433
1143062156=-165,10.999989999999912,6,2
1149450203=7.000023541564815,-5.5763279988241266e-05,74.99998989999995,7.000011200000017
1153886327=81,155.9999919999999,8,8
1207456961=2.9999990462926576,-60.999879926782114,90.00000324271656,3.9998604662730486
1245758346=7,17.999931853027874,75,7.000010000000088
1252795145=-0.9999999208792474,-60.99982216972205,4.000000030734839,3.9999209359949646
1267130934=-165,-82.00001000000003,6,2
1287026787=93.0000000035302,-60.99990123027794,4.0000001441206905,3.9998302314120338
1296296810=-106,-82.00001000000003,6,2
1296861985=-174,22.338859999999954,3,2.6611670999999433
1335789252=-2,155.99995199999978,8,8
1365458197=-135,16.99998999999991,2,6
1523609420=0,38,7,7
1538230697=-0.9999999964697963,-56.999999000919956,4.000000106325388,18.000000194999984
1646644311=-0.9999999208792474,-39.000174396471834,3.9999999173490437,3.999987444908129
1709443893=6.000033701304801,155.99995999999987,75.00000970000019,8
1732245923=2.9999952667650405,-39.00003655713181,90.00000702224418,3.9999496496318443
177090997=82,18,7,7
1987864538=-64.55545000000001,55.33879999999999,13.000000999999997,10.000000999999997
2055085922=82.00006999999982,6.999939999999924,7,11
2096810641=-135,-76.00001000000003,2,6
2119266325=103.0000000035302,-57.00019900092002,4.000000106325388,18.000000194999984
2127424446=5.684341886080802e-14,18.000001899999916,6.999999999999943,7
2311418928=-135,-49.00001000000009,2,6
2364743675=-106,-55.00001000000009,6,2
2433705513=0,1.853027356446546e-06,7,7
2515095582=-106,10.999989999999912,6,2
2528841220=81,136.9999979999999,8,8
2620598129=81,96.99999799999989,8,8
263741995=-135,-2.0000100000000884,2,6
2662150025=-165,-55.00001000000009,6,2
27289321=7.000023541564815,55.99985656327988,74.99998989999995,7.000011200000017
2782787571=-165,-16.00001000000009,6,2
2792243222=-135,-68.00001000000003,2,6.000000000000057
2807992926=-2,97.00000799999998,8,8
2813826339=0,56,7,7
2896720828=197.0000000035302,-57.000299000919995,4.0000001441206905,18.0000757855521
2929484106=82,56.00001999999995,7,7
3039189349=5.684341886080802e-14,6.999929999999949,6.999999999999943,11
3049325667=7.000023541564815,37.99994423672001,74.99998989999995,7.000011200000017
319685324=103.0000000791207,-61.000022169722,4.0000000307348955,3.9999209359949646
320046278=93.0000000035302,-57.00009900091993,4.0000001441206905,18.000000194999984
3206364667=-2,137.00000799999998,8,8
3290435144=107,-57.00020000000006,90,17.999969999999962
3349476957=-135,-29.00001000000009,2,6
3421035175=6.000033701304801,115.99995999999987,75.00000970000019,8
3430057189=-2,115.99995199999978,8,8
3434824890=7,6.999939999999924,74.99999000000003,11.00001999999995
3546914244=82,1.853027356446546e-06,7,7
3596595870=82,38,7,7
3611894041=6.000033701304801,96.99997999999994,75.00000970000019,8
3703684203=106.99999553448163,-39.00015810374384,90.0000047545276,4.000036431872104
378831428=197.0000000035302,-61.00010123027812,4.0000001441206905,3.9998302314120338
388721881=-135,-10.000010000000088,2,6
3963997984=106.9999990462926,-61.000049926782026,90.00000324271662,3.999860466272935
4035641607=6.000033701304801,136.99998000000005,75.00000970000019,8
4041030968=7.000009999999975,44.99992999999995,74.99999000000003,11
4046847328=6.000009999999975,144.99996999999996,74.99999000000003,11.00001999999995
4102283460=197.0000000035302,-39.00018675389697,4.0000001441206905,4.000118474982628
4188034765=81,115.9999919999999,8,8
429594577=6.000009999999975,104.99996999999996,74.99999000000003,11.00001999999995
466692936=81,144.9999899999999,8,11
480765123=93.0000000035302,-39.000174396471834,4.0000001441206905,3.999987444908129
563944275=3,-57.00004000000001,90,17.999969999999962
579267205=82.00006999999982,44.999939999999924,7,11
607187354=103.0000000791207,-39.00018675389697,3.9999999173491005,4.000118474982628
836760729=-1.9999999999999432,104.99996999999996,7.999999999999943,11
93467924=-135,-95.00001000000003,2,6
956209934=-1.9999999999999432,144.99996999999996,7.999999999999943,11
982535956=5.684341886080802e-14,44.99992999999995,6.999999999999943,11
Invalidelements=2839325213,3573226067,454140710,519646611,2210280676,3742901358,3197482569,3983415533,2221607059,203260427,486087285,3699815786,921291082,3819949566,873723027,115607396,1040888445,2255507879,211739640,1975365944,3331396043,1945158769,906214996,3187837835,1880434677,2838465241,2908475954,3224507246,1307974803,710206904,3284480810,3436704975,1484562563,3247399998,1481867335,2240115195,201384527,4278417844,3980605609,468439044,2620419932,479623729,456950762,2470902811,3546916926,831827296,1944331437,3723649057,4219595928,569492228,469643336,242272321,3816177066,566567744,2596487634,1656979681,3700774566,761666253,2573660176,4194377015,3027501613,1174083691,3572382223,415927394,1729413758,212976516,2187237518,1575648678,2461375703,2974251872,2392320538,513035735,914811574,2496934546,794609756,80698457,2120264032,4287568015,3434812555,4084550805,2563272609,2496352990,428904449,998166905,1660379357,4279638512,3814792550,1728520882,110307232,2617707672,3796036146,3781043520,241412101,1013598418,2600444182,3709681893,2957616265,2206274344,2513301598,417754150,793356304,1041863097,3598198057,4081495209,3744793762,2218864639,1971491188,3828323260,708904316,2570914917,2115209380,3599058293,2574389460,3545925754,2909337078,3196491661,428208205,3334480769,3020645097,2976537436,1301888215,2604400250,1017096214,3778135740,872862935,1417895416,81558557,3335848773,1173239855,1653488358,2222336215,3330666767,1419164732,1879049777,765147785,3826955128,2218151811,3249554554,1654200994,833211740,2603408950,4195515883,909549160,2513997978,2241952074,4220964004,2391444054,398260520,394909972,2958902485,4288690251,996405565,3188829127,1574526458
LastModified=1618470396
NaturalSize_1=89,62

[/usr/share/plasma/desktoptheme/Sweet/widgets/checkmarks.svgz]
3832217493=20,0,16,16
4008788958=0,0,16,16
Invalidelements=559890031,555753395,3961115265,3962188109
LastModified=1618470396
NaturalSize_1=36,16

[/usr/share/plasma/desktoptheme/Sweet/widgets/glowbar.svgz]
1935300672=10,17.673317,25,24.999999999999996
2728602305=60,67.673317,25,25
3527380469=60,17.673317,25,24.999999999999996
3668253031=35,17.673317,25,24.999999999999996
69194784=60,42.673317,25,25
Invalidelements=2210927767,183964217,572147981,2151511251,586098889,183120581
LastModified=1618470396
NaturalSize_1=100,100

[/usr/share/plasma/desktoptheme/Sweet/widgets/line.svgz]
1189388801=37,76,42,3
1344441858=33,34,3,42
Invalidelements=1070694632,3580006279,1072521428,3582963531
LastModified=1618470396
NaturalSize_1=128,128

[/usr/share/plasma/desktoptheme/Sweet/widgets/lineedit.svgz]
1281304661=0,17.999990000000025,7.000009999999975,7.000009999999975
1353702030=19,11,6,3
1839104404=11,0,3,6
1944823266=7,7,11,11
1977668525=-40,-10,3,3
2611373325=7,0,11,7
3856494773=11,19,3,6
4052934688=6.999997000000121,18,11,7
4248614256=17.999990000000025,0,7.000009999999975,7.000009999999975
47856163=18.000019999999893,7,7,11
580328349=0,7,7,11
704944029=0,0,7.000009999999975,7.000009999999975
71249935=0,11,6,2.9999994999999444
854040429=17.999990000000025,17.999990000000025,7.000009999999975,7.000009999999975
Invalidelements=1721519014,684532791,3151937570,4051902859,3019244522,1941511534,3607605812,3501925856,2617566724,698512660,3597279719,2720216070,1019776223,3571730889,1550393417,1209887674,3963659366,2179991676,2446181702,2675154381,845915103,676457737,2614120568,3013004873,67390524,270298077,4158285614,3727125980,286611526,2652144549
LastModified=1618470396
NaturalSize_1=25,25

[/usr/share/plasma/desktoptheme/Sweet/widgets/listitem.svgz]
1037075128=19.99966,7.999670222222225,11.034809999999993,2.00034477777778
1058183223=17.999702222222226,10,2.0002977777777744,11.000004999999998
1242506305=20.000001,31,10.999998999999999,11
1242795002=30.9997,10.000015,2.0002968888888866,11.000005
1266163885=30.999699,8,2.0003009999999932,2.0000150000000048
130307398=25,40,2,4
1317505642=31,31.000345,2.00029688888889,10.999999999999996
1490849591=20,42,11,2
1491421469=29,35,4,2
1867078222=18.00000222222222,31.000335,2.000297777777778,11
1919487465=31,21,2,2
2106924607=18,42.000345,2,2
2690540173=17.999699999999997,8,2,2.0000150000000048
2806523277=20,21,11,2
2859889854=17.9997,21.000015,2,2
3098086238=25,29,2,4
3266405308=19.99996,29,11.001262575234776,2.000345000000003
3589632757=25,19,2,4
3648895490=19.9997,10.000015,10.999998999999999,11.000005
3808605399=25,8,2,4
387118452=30.999999000000003,29.000345000000003,2,2
3878541211=18,29.000345000000003,2,2
4145868661=29,15,4,2
417486828=18,35,4,1.9999998999999988
4285255273=18,15,4,2
441742479=-10,-10,2.0329318,2.077126
977928987=31,42,2,2
Invalidelements=4143264626,2529571256,2185946100,902076772,509401258,4029423569,265876882,3872588481,3631776855,510769390,3264703215,3264326103,3263973779,3377641723,2942617276,3923356190,1696793229,4028202909,2592544587,3094853950,1792591412,1705857626,1898956829,507521035,794766750,3101196100,350804815,2430456608,2554886973,3102695320,1714157922,3377305791,1714870438,2737039797,3763209153,4116097735,3764372301,2426467044,1791747784,4164718744,514803791,793382306,2595893391,2527000312,4137161654,3924085338,3762987785,2530549348,2525075124,265131478,2187838384,4161761372,351664907,1899702361,3263171363,3764200205,2945574648,1697669705,1706669470,4105915011,3873841797,409876761,2557844217,2740390473,3624248331,3093338562,410720989,842513056
LastModified=1618470396
NaturalSize_1=128,300

[/usr/share/plasma/desktoptheme/Sweet/widgets/panel-background.svgz]
1121239567=153.00009999999997,56,5.000099999999975,5
1300178956=227,16,40,40
1398205367=230.00009999999997,103,6,3
1454750838=99.00009999999997,54,3,2
1479000392=227.00017001856008,3,39.99999959999991,5
1741431092=266.9999,56.0001000000002,5.000099999999975,5
1931265562=99.00009999999997,10,3,2
2089886118=321.9999,-36.99987398144003,5,39.99999959999991
2117742533=222.00019999999995,-36.99994398143997,5,39.999999600000024
2168061118=153.00007299999993,16.000046018559942,5,39.99999959999991
2282632644=158.0000760185601,56.0001000000002,39.99999959999991,5
2344994593=197.9999969999999,11.000034120118016,5.000099999999975,5
2715514859=282,-36.99969999999996,40,40.000000000000114
2781097893=226.99997301856,11.000058020118104,39.99999959999991,5
2796398647=222.00009999999997,3,5.000099999999975,5
2860804426=281.99987001855993,-41.99993900000004,39.99999959999991,5
2948133731=125.00009999999997,32,2,3
2981854969=204.00019999999995,125.49990000000003,3,2
2985774867=198.00009999999997,16.000046018559942,5,39.99999959999991
3034325451=276.9999,-36.99987398144003,5,39.99999959999991
3066798426=266.9999999999998,16.000126018559968,5,39.99999959999991
3214876756=222.00009999999997,-42.00000799999998,5.000099999999975,5
3386699148=222,16.000126018559968,5,39.99999959999991
3550461059=227.00019999999995,-36.999900000000025,40,40
3668316025=267.0001,3,5.000099999999975,5
3727442400=197.99999400000002,56.0001000000002,5.000099999999975,5
3761855588=227.00017001856008,-42.00000799999998,39.99999959999991,5
3952403958=152.99999999999977,11.000034120118016,5.000099999999975,5
4146617918=137.00009999999997,61,5,5
4177946371=281.99987001855993,3,39.99999959999991,5
4202640446=267.0001999999997,-36.99994398143997,5,39.999999600000024
462937873=204.00029999999992,83.49900000000002,3,0.0009999999999763531
477859959=158.00008601856007,11,39.99999959999991,5
674727259=181.00009999999997,103,6,3
685000516=226.99997301856,56.0001000000002,39.99999959999991,5
851786827=276.9997999999998,-41.99993900000004,5.000099999999975,5
897764880=76,31.5,2,3
994527253=158.00009999999997,16,40,40
Invalidelements=2008058336,188800480,608397485,3304567456,299915254,1985849820,2039070572,2618507026,4004155667,4122862752,79220314,315066115,294877106,1469811287,3831642149,212756154,2714023621,1981507927,3489520382,1814259982,1861472761,1199259215,315908295,611338481,3646423222,1053595087,3857650941,656622499,3833550953,1050703251,4124099820,185705204,2304190532,1468142770,2040422304,3488545466,4285425086,2712245889,598429296,1470969070,188071332,4284319226,599551668,3854825273,2619744214,3634716922,4005163351,213993286,956907307,2303379840,618029935,1979975955,3303690852,1195957763,186958520,1858138557,77042078,1468591003,1812957506,964304759
LastModified=1618470396
NaturalSize_1=218,66

[/usr/share/plasma/desktoptheme/Sweet/widgets/scrollbar.svgz]
1119619939=33.000017382813,45.99998000000005,1,2
1459810250=33.000017382813,32.99998000000005,1,2
1772665435=30.000037382813062,35.999996999999894,2,9.000003000000106
2026828501=12.259960382813,6.6594499999999925,2.0329318,2.077126000000021
3036740497=30.000017382813,33.000003000000106,2,2
3491288586=23.000017382813,10.000020000000063,6,6
3635762501=35.000017382813,45.99998000000005,2,2
383468514=30.000017382813,45.99998000000005,2,2
4096233832=35.000009382813005,33.00002000000006,2,2
637981066=35.000017382813,35.999996999999894,2,9.000003000000106
694883968=33.000017382813,35.99998000000005,1,9
Invalidelements=189726979,100169344,2794485906,2006627158,170121874,3941872898,2273987766,2515295870,2693153434,2011665170,2449909816,3435441136,1315285379,553964383,3451314653,1078985627,313826793,4109157786,4036206652,3890226042,3437775788,2558538806,3111356848,4008111137,192684487,3656712411,65352581,2977365448,2800163038,2377564605,119292398,2950881189,969337056,1536844605,3884909494,2677028360,1542800249,97212284,3315017427,173996758,1310083199,1081926471,3062209844,310410533,2222533746,1692290346,2515615106,4006857709,555234147,4108264926,3941291342,2559825394,2379882945,3450044897,2677003860,60183361,2950545401,3328312847,2695570262,133259690,833612847,3650625767,1689349486,4035362928,967559340,912051699,3110513012,2452983804
LastModified=1618470396
NaturalSize_1=48,98

[/usr/share/plasma/desktoptheme/Sweet/widgets/scrollwidget.svgz]
1160292020=133,1.5,2,100
2159763533=19.5,0,100,2
4144732452=0,3.5,2,100
4280477065=19.23483494,97.53032999999999,100,1.9996679999999856
Invalidelements=618554942,3189884648,3201115820,617416306
LastModified=1618470396
NaturalSize_1=135,103

[/usr/share/plasma/desktoptheme/Sweet/widgets/slider.svgz]
1215898075=65,10.85609999999997,2,2
1233371112=33,2.8560999999999694,3,3
1285353245=61,13.85609999999997,3,3
1413551787=82,10.85609999999997,3,2
1696842482=95.13149,0,24,24
2109361102=82,6.856099999999969,3,3
2301650890=75,13.84375,3,3
2494728235=27,54.85609999999997,24,24
2564728989=79,13.85609999999997,2,3
2624457350=61,6.856099999999969,3,3
29715726=61,10.85609999999997,3,2
3072357780=68,13.85609999999997,3,3
3175274835=75,6.856099999999969,3,3
3180180683=1,0.8560999999999694,22,22
3226236421=79,10.85609999999997,2,2
3377568264=79,6.856099999999969,2,3
3586762785=75,10.85609999999997,3,2
3818003592=65,13.85609999999997,2,3
3819675645=82,13.85609999999997,3,3
41672374=68,10.85609999999997,3,2
4205079533=65,6.856099999999969,2,3
430031199=68,6.856099999999969,3,3
Invalidelements=2341637209,2017244413,2347658653,4086166217,1057682884,2343248813,3866950112,2487406303,831298811,118071581,2537693554,3387526249,3359009426,1776442529,1421860431,608257835,609642359,1722619635,3089968338,3255016829,1357046837,4050023023,999552357,1131930530,3878316831,1351730409,567590219,1566717231,122648056,1519457771,695414688,622746519,687512228,4288762989,2311603998,3859290540,121291097,2045597369,4289885217,3569545324,1064932616,3889662803,544586857,530685219,686815968,1719678775,1202085774,3654451170,2312939474,2345927529,3256794297,3685197933,3872485573,2560732826,1418477067,3357231966,3328970139,2013811713,3374214181,143146354,4093546757,2563559254,1202962378,998561185,694161308,3686320169,568958215,831765671,533921007,543611949,2046932605,3244583590,3653181406,3871772673,3328142687,2538668470,3245951714,830862138,2486053147,627686355,1082442654,121279876,3090697238,4050817971,3570864048,833672134,1775729901
LastModified=1618470396
NaturalSize_1=119,82

[/usr/share/plasma/desktoptheme/Sweet/widgets/tabbar.svg]
1233262790=163,14.001347376373843,10,3.0001000233589536
1370569288=73,14.001351252778363,10.000000000013642,3.0000000610006055
2288426351=0,-40,40,40
2581040921=83,0,80,4
3245977293=45,-3,3,3
3559810680=163,4,10,12
3869623133=83,14.002060000000029,80,3
3951159215=73,4,10,12
396803862=83,4,80,12
4169987799=163,0,10,4
961326360=73,0,10,4
Invalidelements=1489356847,3211833262,751536914,754903902,3033962352,2902405269,2258457533,763234032,272259249,3956461004,1554343043,2263905273,269039861,906481259,3959303432,1882007528,1555711303,3162984426,4028246625,912977583,1883244324,3754442331,1487448547,4029139493,2894860505,760309420,3758038423,3031168828
LastModified=1618470396
NaturalSize_1=225,240

[/usr/share/plasma/desktoptheme/Sweet/widgets/tasks.svgz]
1004673852=-2.087926431748599e-08,120.0000202645299,4.000000030734909,2.0000007518249845
1051131215=-2.087926431748599e-08,-9.999953215368123,4.000000030734909,2.000012620092093
1511242697=3.9999999,122.00004,89.9999991,17.999970000000005
1627104857=93.99999900353019,139.99994339880425,4.000000144120733,2.000088210643753
1770349432=93.9999989657349,-30.002246752230008,4.000000181916022,2.0022701134200247
1845657349=93.99999900353019,121.9999809990801,4.000000144120733,18.000000194999984
2247725031=-2.087926431748599e-08,-27.999991205644164,3.9999998795538048,18.0000757855521
2338071113=3.9999989462926395,120.00009227143005,90.00000324271657,1.9999705163549493
2350203468=93.99999900353019,120.00002073546995,4.000000144120733,1.9999553986200453
245991644=93.99999900353019,-9.999953215367896,4.000000144120733,2.0000126200918658
2890404523=-2.087926431748599e-08,122.00008099908007,4.000000030734909,18.000000194999984
3301275933=3.999997434481598,140.0000534428682,90.00000475452761,1.9999748248158085
3373678969=3.9999999,-28.000894,89.9999991,18.0009049
3374386978=93.99999904132547,-27.999991205644164,4.000000106325459,18.00003799027627
3424016756=3.999997434481598,-9.999926084679828,90.00000475452761,1.998954352363853
4029079211=3.99999667857608,-29.99998739307,90.00000551043313,2.000048592824953
435870723=-2.087926431748599e-08,-30.000332591719996,4.000000030734909,2.000728650149995
744892594=-2.087926431748599e-08,139.99994339880425,4.000000030734909,2.000088210643753
Invalidelements=970724693,3525068414,3404667093,2209039176,1649281346,3748052878,822013127,3016209287,2567277555,1592497381,782082529,3707028086,3751574017,640251545,69799814,303607960,2446771725,3303706670,1483260144,950763651,2021960735,2447763017,1649666318,3017069507,4270097566,3117022763,2446232701,1484120236,2663383312,3027608019,3899015088,3238064779,2092475597,2090321025,2260601530,3379993781,3748880202,3574538737,3304585202,799168106,751003038,3704201738,951623887,251311465,2436607025,3550144193,1265412320,3350704299,798406582,2733732508,2891989374,2925083288,1376414684,4125693270,780828717,1228447929,2726597328,1258477894,4177881821,2568055735,4179266073,2893357370,2022788187,2551395953,2363274094,244815141,3525945018,3489520392,806194307,3116162543,1227735165,2924141220,1587039009,3405396105,3378756721,750142930,302747716,3732101829,3779380230,70578122,3781813338,2259348222,1378257688,3555591941,3573153837,2556876469,3352989935,2878914847,4271105242,2208064140,3918192628,4120802578,1261943170,3239301839,2364642090,2671763796,1266174172,3488283468
LastModified=1618470396
NaturalSize_1=100,142

[/usr/share/plasma/desktoptheme/Sweet/widgets/tooltip.svgz]
1057223982=122.49995000000001,60,3,20
108024397=19.999983859580084,3.999999989900971e-05,39.99999960000014,19.999966000000086
1569890074=19.999983859580084,59.999994000000015,39.99999960000014,19.999966000000086
1578908570=19.999979999999937,19.999900000000025,40,40
1595291141=122.00004999999999,0,3,20
1657908808=104.00000732089859,60.000076000000035,39.999998799967216,20.000099999999975
1827516036=60.00004699999988,60.00019999999995,20,20
183837133=154.00005,70.00009999999997,10,10
2185784736=84.00004999999999,9.999999997489795e-05,19.999999999999773,20.000052589999996
2306408087=9.999999974752427e-07,19.9999768595801,19.999965999999972,39.99999960000014
2343766796=60.00004699999988,0.0001340999999683845,20,20
2807640371=144.00005,41,20,3
2955563485=143.99985000000027,60.0002474099997,19.999999999999773,20.000052590000223
2969605510=84.00001000000009,60.000147409999954,19.999999999999773,20.000052590000223
306236017=143.99995,9.999999997489795e-05,19.999999999999773,20.000052589999996
3136541876=104.00004999999999,20.000099999999975,39.9999049999999,39.999968999999965
3574043810=144.0000000000001,20.000145573019836,20.000099999999975,39.999987999977066
3735054754=84.00004999999999,20.0001623293831,20.000099999999975,39.99995560000707
376213762=104.00001140493907,0.0001999999999497959,39.9999951999705,20.000099999999975
3975448478=4.999999998744897e-05,0.0001752000000578846,20,20
4271286388=84.00004999999999,40.5,19.999855000000025,3
477616578=59.999944000000255,20.000033859579844,19.999966000000086,39.99999960000014
758346683=4.999999998744897e-05,60.00019999999995,20,20
Invalidelements=3910568748,1228665773,1299653321,2814414909,1289138394,1385593526,1225528169,1291574496,4151423439,1260424062,574644142,240023349,3813546969,1384207722,1259185338,3588316453,3917195496,3814292373,4150694283,3076736620,933415530,1203539321,3323603965,3062769312,47796419,48656519,1288032414,3589553633,2096828322,1288240164,2817766393,576028658,3086181828,934799918,2089168798,3083224376,1298681109,1202302245,3433207978,3276912790,920607873,3336899457,919239885,240326633
LastModified=1618470396
NaturalSize_1=164,80

[/usr/share/plasma/desktoptheme/Sweet/widgets/translucentbackground.svgz]
1473765767=77.00009999999997,56,5.000099999999975,5
1948866977=77.00019999999995,34,9.999870300000111,3
2003983448=122.00002100000006,56,5.000099999999975,5
2618823257=136.5,61,5,5
2658023568=122.00002100000006,10.99997338628009,5.000099999999975,5
3030440558=82.00009601856004,10.99997338628009,39.99999959999991,5
3818187443=117.00009999999997,35,10.00000799999998,3
4070907600=77.00012100000004,16.000046018559942,5,39.99999959999991
4139287761=101.00009999999997,11,3,9.999989500000083
4174831406=99.5,51,3,10.000009999999975
4268519512=82.00009999999997,16,40,40
4278132300=82.00009601856004,56,39.99999959999991,5
667995973=122.00009999999997,16.000046018559942,5,39.99999959999991
Invalidelements=331934823,1236836616,1164896823,2695047440,3195321751,423429380,3857751480,3004765244,372441608,3486084034
LastModified=1618470396
NaturalSize_1=218,66

[/usr/share/plasma/desktoptheme/Sweet/widgets/viewitem.svgz]
105027153=18,0,3,3.000000517578144
1878087150=-32.00001,27.999990000000025,5.0000067,4.9999909
2183802485=17.999989999999997,2.9999900000000252,3,15
2943146529=2.9999999999999716,9.999999974752427e-06,15,3
2991791718=0,0,3,3.000000517578144
3165103829=2.999989999999997,2.9999900000000252,15,15
3308148257=18,17.999999482421856,3,3.000000517578144
3463107284=2.9999999999999716,18,15,3
4021218006=0,17.999999482421856,3,3.000000517578144
745191879=2.842170943040401e-14,2.9999900000000252,3,15
Invalidelements=4154511543,448176200,1160896195,1071071313,1700723824,2238460381,3604371817,2235633945,3453612036,4149080179,1160307821,4195052666,1933975322,446922884,28685041,3219929157,3944062635,4286002245,1839474938,993885869,1163379753,1842399030,3804755136,3016513314,2610910839,2852958090,4227304502,4284093449,231356495,3783682479,1699470524,2266579837,25596725,990486257,2258538597,2853801030,3217090433,3452752840,1934851806,1073356813,3334151709,4100614207,3787098611,2257219625,3805483780,3944791791,3017746670,2083777584,3601152429,2272682937,127995435,2081295484,126807535,1159904903,2609673771,3335012049,232724627,4102506611
LastModified=1618470396
NaturalSize_1=21,99

[/usr/share/plasma/desktoptheme/default/opaque/widgets/tooltip.svgz]
1256825360=0,0,5,5
3054441056=33,38,4,5.999975199999994
313652186=50.999985,12,6.000030299999999,32
3751266579=33,12,4,6.000024800000006
393618121=12.999969699999996,11.999940000000151,6.000030299999997,32
394004182=19,43.99996500000009,32,6.000030299999935
3988744760=19.000000200000002,26,6.000003799999998,4
4241836487=19,5.999944700000015,32,6.000030299999935
806734458=44.9999847,26,6.000015300000001,4
Invalidelements=367434551,1893457573,3519343846,3509009134,1492463331,951268133,100711171,1490352283,267283930,949118301,2257716502,107056443,265070370,61026009,1895437501,2959056729,58745889,365417791,2960971041,2259803918
LastModified=1617546714
NaturalSize_1=173,56

[/usr/share/plasma/desktoptheme/default/translucent/widgets/panel-background.svgz]
1092693615=53.0000003,24,3.999984699999999,3.9999771000000237
1269783091=50.999985,12,5.999999500000001,32
1380353163=75.999965,1.743266602716176e-05,32,12
1446240769=18.999985000000002,6,32,6
1490659692=64,32,6,4.000022899999976
2024560987=90,50.000060000000076,3.9999997999999977,6.000022899999976
2124506156=107.999965,12.000017432666027,11.999999500000001,32.00002299999994
2565270009=97,0,4,5.999977100000024
2867912667=34,46,4,4.000213600000052
2917540538=75.999965,44.00001743266603,32,12
2943392035=0,0,5,5
2943544491=30,6,4.000001900000001,3.999979499999995
3059433433=114.0000029,32,5.999977099999995,3.9999768999999787
3141884763=12.9999924,28,4.0000076,4.000022899999976
3198083958=114.00003290000001,26.000060000000076,5.999977099999995,3.9999768999999787
3298655799=13.000003000000001,26,9.999999992515995e-07,4
3352659769=62.999999,26,9.999999974752427e-07,4
3485338025=63.99998,1.743266602716176e-05,12.000003999999997,12.000024800000006
3704586275=97,50,4,6.000022899999976
3728923845=90,0,3.9999997999999977,5.999977100000024
3882838712=107.999965,1.743266602716176e-05,12.00001499999999,12.000024800000006
4011286626=75.999984,12.000017432666027,32,32
4106495436=33,50,4,9.999999974752427e-07
4167008648=63.9999825,12.000017432666027,12.000001499999996,32.00002299999994
4236161712=13.0000045,12,5.999999500000001,32
576619783=63.99998,43.9997184326661,12.000003999999997,12.000298999999927
584258041=107.999965,43.9997184326661,12.00001499999999,12.000298999999927
592942072=18.999985000000002,44,32,6
776688225=33,0,4,9.999999974752427e-07
888321977=63.999984999999995,26.000060000000076,6,4.000022899999976
Invalidelements=3865568994,2939395072,2635565775,1071153706,3805620577,3372310927,1448257338,3803321193,1585255056,3380590583,2834351912,3863228650,2637709559,1069135906,1579149448,1450568994,2949817912,2832334112
LastModified=1617546714
NaturalSize_1=173,56

[/usr/share/plasma/desktoptheme/default/widgets/calendar.svgz]
Invalidelements=246071482,2164200073,243906178,2162055345
LastModified=1617546714
NaturalSize_1=30,30

[/usr/share/plasma/desktoptheme/default/widgets/notes.svgz]
Invalidelements=3086022865,2788940591
LastModified=1617546714
NaturalSize_1=588,566

[/usr/share/plasma/desktoptheme/default/widgets/plasmoidheading.svgz]
1053454644=45,26,6,4
1064816875=51,12,6,32
1157821107=33,38,4,6
1162683785=-7,-7,5,5
1279600418=19,26,6,4
1523230322=13,6,6,6
1848734843=51,6,6,6
1921406037=67,44,32,6
2272385061=19,6,32,6
2294666403=61,12,6,32
2405323332=13,44,6,6.000017777777785
2699725589=99,44,6,6
2725675607=13,12,6,32
3003391710=61,44,6,6
3095339568=99,12,6,32
3753477751=99,6,6,6
382217111=67,6,32,6
3845306479=33,12,4,6
3936779964=61,5.999982222222222,6,6.000017777777778
4007105184=19,12,32,32
4010455962=51,44,6,6
4234645421=19,44,32,6
907819903=67,12,32,32
Invalidelements=36506996,1561787261,2428747782,352845572,4128654595,34789244,4141591803,1827254655,3268579144,2019263052,295250493,3912537795,1458041695,3864318176,3270853968,367309068,3972484095,1496023467,3457978672,528504987,3720958462,3723013110,4038353718,188672612,3258279126,3260453598,2619024045,865680106,1569731017,2413633755,2453631496,3978763834,297425973,3406259457,446984057,2402449107,3460156168,2074396756,1489566627,4276009229,2301117817,4292303661,4073113650,868119794,1514090876,3408276281,4039813422,3174696810,2430634510,1567896949,4138604462,530810515,4231376341,3757147764,3176455522,1239501048,4132397526,2451475472,4134997819,2311655233,4251890172,4272976645,199204988,1820884839,4249872372,1511948100,3750976524,1572305905,3974497767,1233158880,444946753,1443170647,3862292216,2620710101
LastModified=1617546714
NaturalSize_1=173,56

[General]
IconThemePath=/usr/share/icons/BeautyLine/
